数据由邢不行整理，对数据字段有疑问的，可以直接微信私信邢不行，微信号：xbx6660
交易日期,基金名称,基金代码,前收盘价,开盘价,最高价,最低价,收盘价,成交量,成交额,累计单位净值,单位净值,复权单位净值,换手率,基金分类,详细分类,基金份额合计,场内流通份额
2020-02-07,民生加银沪深300ETF,sh515350,3.903,3.883,3.9,3.8,3.89,6074777.0,23512989.0,0.9702,3.9031,0.9702397407,6.7498122205531,股票型基金,规模指数股票型基金,89999186.0,89999200.0
2020-02-10,民生加银沪深300ETF,sh515350,3.89,3.879,3.921,3.855,3.904,3709271.0,14426618.0,0.9742,3.9189,0.9741673336,4.0806420738576,股票型基金,规模指数股票型基金,90899200.0,90899200.0
2020-02-11,民生加银沪深300ETF,sh515350,3.904,3.93,3.966,3.929,3.949,2443008.0,9654388.0,0.9831,3.9548,0.9830914213,2.6876012110118,股票型基金,规模指数股票型基金,90899200.0,90899200.0
2020-02-12,民生加银沪深300ETF,sh515350,3.949,3.939,3.982,3.939,3.978,2109752.0,8365569.0,0.9909,3.9863,0.9909217489,2.3441897261309,股票型基金,规模指数股票型基金,89999200.0,89999200.0
2020-02-13,民生加银沪深300ETF,sh515350,3.978,3.963,3.996,3.956,3.963,2195482.0,8724415.0,0.9849,3.9621,0.9849060686,2.4892311948408,股票型基金,规模指数股票型基金,88199200.0,88199200.0
2020-02-14,民生加银沪深300ETF,sh515350,3.963,3.956,4.0,3.956,3.988,2334431.0,9304061.0,0.9917,3.9894,0.9916923526,2.5938352785358,股票型基金,规模指数股票型基金,89999200.0,89999200.0
2020-02-17,民生加银沪深300ETF,sh515350,3.988,3.988,4.067,3.966,4.056,13848832.0,55927047.0,1.0136,4.0777,1.0136421282,16.028889156381,股票型基金,规模指数股票型基金,86399200.0,86399200.0
2020-02-18,民生加银沪深300ETF,sh515350,4.056,4.046,4.07,4.026,4.045,7231674.0,29300224.0,1.0088,4.0581,1.0087699243,9.0283972873637,股票型基金,规模指数股票型基金,80099200.0,80099200.0
2020-02-19,民生加银沪深300ETF,sh515350,4.045,4.022,4.079,4.022,4.025,6922578.0,28141605.0,1.0073,4.0521,1.0072784333,8.9439916691645,股票型基金,规模指数股票型基金,77399200.0,77399200.0
2020-02-20,民生加银沪深300ETF,sh515350,4.025,4.03,4.142,4.03,4.122,11757990.0,48278809.0,1.0301,4.1439,1.0300982453,15.553061408057,股票型基金,规模指数股票型基金,75599200.0,75599200.0
2020-02-21,民生加银沪深300ETF,sh515350,4.122,4.122,4.182,4.122,4.143,9681779.0,40138182.0,1.0312,4.1484,1.0312168636,14.537380328893,股票型基金,规模指数股票型基金,66599200.0,66599200.0
2020-02-24,民生加银沪深300ETF,sh515350,4.143,4.119,4.143,4.096,4.114,4782957.0,19704765.0,1.0272,4.1323,1.0272146961,7.4851594386158,股票型基金,规模指数股票型基金,63899200.0,63899200.0
2020-02-25,民生加银沪深300ETF,sh515350,4.114,4.074,4.116,4.021,4.111,5169566.0,21113544.0,1.0249,4.1229,1.0248780269,8.3246901731423,股票型基金,规模指数股票型基金,62099200.0,62099200.0
2020-02-26,民生加银沪深300ETF,sh515350,4.111,4.059,4.125,4.059,4.077,3605876.0,14777401.0,1.0125,4.0732,1.01252351,6.1639748919643,股票型基金,规模指数股票型基金,58499200.0,58499200.0
2020-02-27,民生加银沪深300ETF,sh515350,4.077,4.077,4.095,4.062,4.074,2292793.0,9343994.0,1.0154,4.0848,1.0154070592,3.9193578715606,股票型基金,规模指数股票型基金,58499200.0,58499200.0
2020-02-28,民生加银沪深300ETF,sh515350,4.074,4.002,4.021,3.937,3.945,3393045.0,13505974.0,0.9803,3.9434,0.9802575884,5.8001562414529,股票型基金,规模指数股票型基金,58499200.0,58499200.0
2020-03-02,民生加银沪深300ETF,sh515350,3.945,3.943,4.092,3.943,4.065,3535862.0,14282696.0,1.0117,4.0697,1.0116534736,6.0442912039823,股票型基金,规模指数股票型基金,58499200.0,58499200.0
2020-03-03,民生加银沪深300ETF,sh515350,4.065,4.125,4.135,4.058,4.077,5545113.0,22814340.0,1.017,4.0911,1.0169731247,9.7798787284477,股票型基金,规模指数股票型基金,56699200.0,56699200.0
2020-03-04,民生加银沪深300ETF,sh515350,4.077,4.077,4.106,4.056,4.106,4148328.0,16938131.0,1.0227,4.1143,1.0227402232,7.4343861560739,股票型基金,规模指数股票型基金,55799200.0,55799200.0
2020-03-05,民生加银沪深300ETF,sh515350,4.106,4.125,4.206,4.123,4.196,5932413.0,24733228.0,1.045,4.2038,1.044988297,11.364950037548,股票型基金,规模指数股票型基金,52199200.0,52199200.0
2020-03-06,民生加银沪深300ETF,sh515350,4.196,4.158,4.17,4.131,4.131,1960765.0,8140991.0,1.0285,4.1374,1.0284824634,3.8904684995,股票型基金,规模指数股票型基金,50399200.0,50399200.0
2020-03-09,民生加银沪深300ETF,sh515350,4.131,4.042,4.055,3.994,3.994,3394126.0,13673398.0,0.9941,3.9992,0.9941284545,6.8569310211074,股票型基金,规模指数股票型基金,49499200.0,49499200.0
2020-03-10,民生加银沪深300ETF,sh515350,3.994,4.003,4.077,3.961,4.075,3075830.0,12391049.0,1.0149,4.0828,1.0149098955,6.2138984064389,股票型基金,规模指数股票型基金,49499200.0,49499200.0
2020-03-11,民生加银沪深300ETF,sh515350,4.075,4.113,4.113,4.029,4.034,2114680.0,8605889.0,1.0018,4.0302,1.0018344913,4.2721498529269,股票型基金,规模指数股票型基金,49499200.0,49499200.0
2020-03-12,民生加银沪深300ETF,sh515350,4.034,4.005,4.005,3.934,3.95,3207874.0,12731742.0,0.9829,3.9541,0.982917414,6.3649303957206,股票型基金,规模指数股票型基金,50399200.0,50399200.0
2020-03-13,民生加银沪深300ETF,sh515350,3.95,3.789,4.139,3.759,3.902,2983619.0,11415393.0,0.9693,3.8995,0.9693448461,6.0276105472412,股票型基金,规模指数股票型基金,49499200.0,49499200.0
2020-03-16,民生加银沪深300ETF,sh515350,3.902,3.891,3.891,3.73,3.741,3451766.0,13173488.0,0.9287,3.7358,0.9286520005,6.9733773475127,股票型基金,规模指数股票型基金,49499200.0,49499200.0
2020-03-17,民生加银沪深300ETF,sh515350,3.741,3.741,3.788,3.65,3.705,3984314.0,14802985.0,0.9242,3.7178,0.9241775276,7.9055104049271,股票型基金,规模指数股票型基金,50399200.0,50399200.0
2020-03-18,民生加银沪深300ETF,sh515350,3.705,3.753,3.776,3.647,3.647,3655448.0,13668927.0,0.9064,3.6462,0.9063790685,6.7694484362731,股票型基金,规模指数股票型基金,53999200.0,53999200.0
2020-03-19,民生加银沪深300ETF,sh515350,3.647,3.655,3.655,3.52,3.596,3465971.0,12483707.0,0.8949,3.6,0.894894588,6.0173943388103,股票型基金,规模指数股票型基金,57599200.0,57599200.0
2020-03-20,民生加银沪深300ETF,sh515350,3.596,3.634,3.673,3.602,3.67,3078058.0,11188476.0,0.9105,3.6628,0.9105055269,5.0295722819906,股票型基金,规模指数股票型基金,61199200.0,61199200.0
2020-03-23,民生加银沪深300ETF,sh515350,3.67,3.563,3.578,3.537,3.545,2952533.0,10517446.0,0.8808,3.5431,0.8807502819,4.8244633916783,股票型基金,规模指数股票型基金,61199200.0,61199200.0
2020-03-24,民生加银沪深300ETF,sh515350,3.545,3.579,3.64,3.557,3.639,5453055.0,19667196.0,0.9038,3.6358,0.9037938175,7.9723958759752,股票型基金,规模指数股票型基金,68399200.0,68399200.0
2020-03-25,民生加银沪深300ETF,sh515350,3.639,3.729,3.737,3.691,3.729,2651060.0,9858960.0,0.9274,3.7309,0.9274339495,3.548980444235,股票型基金,规模指数股票型基金,74699200.0,74699200.0
2020-03-26,民生加银沪深300ETF,sh515350,3.729,3.704,3.737,3.701,3.702,2570605.0,9559904.0,0.9215,3.7069,0.9214679856,3.1387425029793,股票型基金,规模指数股票型基金,81899200.0,81899200.0
2020-03-27,民生加银沪深300ETF,sh515350,3.702,3.744,3.765,3.725,3.726,4381600.0,16397665.0,0.9243,3.7182,0.9242769603,5.2349365346383,股票型基金,规模指数股票型基金,83699200.0,83699200.0
2020-03-30,民生加银沪深300ETF,sh515350,3.726,3.666,3.686,3.65,3.675,1203785.0,4408777.0,0.9155,3.6828,0.9154771635,1.42292716716,股票型基金,规模指数股票型基金,84599200.0,84599200.0
2020-03-31,民生加银沪深300ETF,sh515350,3.675,3.715,3.715,3.68,3.682,2735805.0,10102953.0,0.9182,3.6938,0.9182115637,3.2338426368098,股票型基金,规模指数股票型基金,84599200.0,84599200.0
2020-04-01,民生加银沪深300ETF,sh515350,3.682,3.693,3.735,3.675,3.683,3398242.0,12584256.0,0.9155,3.6829,0.9155020217,4.0168724999764,股票型基金,规模指数股票型基金,84599200.0,84599200.0
2020-04-02,民生加银沪深300ETF,sh515350,3.683,3.666,3.739,3.666,3.739,922800.0,3397610.0,0.93,3.7412,0.9299943424,1.0907904566473,股票型基金,规模指数股票型基金,84599200.0,84599200.0
2020-04-03,民生加银沪深300ETF,sh515350,3.739,3.726,3.738,3.709,3.722,1204242.0,4484099.0,0.9247,3.7201,0.9247492658,1.4234673613935,股票型基金,规模指数股票型基金,84599200.0,84599200.0
2020-04-07,民生加银沪深300ETF,sh515350,3.722,3.789,3.802,3.78,3.798,2193116.0,8310773.0,0.9456,3.8041,0.9456301395,2.5923602114441,股票型基金,规模指数股票型基金,84599200.0,84599200.0
2020-04-08,民生加银沪深300ETF,sh515350,3.798,3.786,3.789,3.77,3.783,1549057.0,5860839.0,0.9413,3.7866,0.9412799575,1.831053957957,股票型基金,规模指数股票型基金,84599200.0,84599200.0
2020-04-09,民生加银沪深300ETF,sh515350,3.783,3.786,3.804,3.786,3.795,3104850.0,11790150.0,0.9444,3.799,0.9443623722,3.6700701661481,股票型基金,规模指数股票型基金,84599200.0,84599200.0
2020-04-10,民生加银沪深300ETF,sh515350,3.795,3.792,3.828,3.769,3.777,5457554.0,20723355.0,0.9385,3.7756,0.9385455573,6.3831638190767,股票型基金,规模指数股票型基金,85499200.0,85499200.0
2020-04-13,民生加银沪深300ETF,sh515350,3.777,3.758,3.77,3.747,3.759,3465082.0,13020395.0,0.9346,3.7597,0.9345931063,4.0105487087843,股票型基金,规模指数股票型基金,86399200.0,86399200.0
2020-04-14,民生加银沪深300ETF,sh515350,3.759,3.777,3.821,3.768,3.815,2668769.0,10143755.0,0.9524,3.8315,0.9524412816,3.0888816100149,股票型基金,规模指数股票型基金,86399200.0,86399200.0
2020-04-15,民生加银沪深300ETF,sh515350,3.815,3.817,3.827,3.798,3.8,2382177.0,9089864.0,0.9455,3.8035,0.9454809904,2.7571748349522,股票型基金,规模指数股票型基金,86399200.0,86399200.0
2020-04-16,民生加银沪深300ETF,sh515350,3.8,3.784,3.811,3.781,3.804,2973729.0,11288247.0,0.9467,3.8085,0.9467238996,3.4418478411837,股票型基金,规模指数股票型基金,86399200.0,86399200.0
2020-04-17,民生加银沪深300ETF,sh515350,3.804,3.838,3.863,3.829,3.84,7110306.0,27383438.0,0.9559,3.8455,0.9559214273,8.4950704427282,股票型基金,规模指数股票型基金,83699200.0,83699200.0
2020-04-20,民生加银沪深300ETF,sh515350,3.84,3.847,3.856,3.832,3.855,3499820.0,13457016.0,0.9593,3.8592,0.9593269983,4.2268765881796,股票型基金,规模指数股票型基金,82799200.0,82799200.0
2020-04-21,民生加银沪深300ETF,sh515350,3.855,3.836,3.836,3.787,3.812,2511812.0,9552929.0,0.9482,3.8143,0.9481656742,3.0336186823061,股票型基金,规模指数股票型基金,82799200.0,82799200.0
2020-04-22,民生加银沪深300ETF,sh515350,3.812,3.789,3.838,3.789,3.837,2209199.0,8433629.0,0.956,3.8457,0.9559711436,2.6681405134349,股票型基金,规模指数股票型基金,82799200.0,82799200.0
2020-04-23,民生加银沪深300ETF,sh515350,3.837,3.853,3.855,3.832,3.836,3113084.0,11961950.0,0.9536,3.8363,0.9536344744,3.7597996115905,股票型基金,规模指数股票型基金,82799200.0,82799200.0
2020-04-24,民生加银沪深300ETF,sh515350,3.836,3.813,3.828,3.798,3.801,1554606.0,5923566.0,0.9456,3.8041,0.9456301395,1.8573725913748,股票型基金,规模指数股票型基金,83699200.0,83699200.0
2020-04-27,民生加银沪深300ETF,sh515350,3.801,3.813,3.842,3.813,3.824,3372000.0,12922442.0,0.952,3.8297,0.9519938344,4.0287123413366,股票型基金,规模指数股票型基金,83699200.0,83699200.0
2020-04-28,民生加银沪深300ETF,sh515350,3.824,3.822,3.862,3.775,3.853,2689097.0,10276606.0,0.9585,3.8559,0.9585066783,3.2128108751338,股票型基金,规模指数股票型基金,83699200.0,83699200.0
2020-04-29,民生加银沪深300ETF,sh515350,3.853,3.842,3.885,3.842,3.867,3175785.0,12303649.0,0.963,3.8739,0.9629811512,3.7942835773819,股票型基金,规模指数股票型基金,83699200.0,83699200.0
2020-04-30,民生加银沪深300ETF,sh515350,3.867,3.883,3.925,3.883,3.921,2309555.0,9028979.0,0.9743,3.9195,0.9743164827,2.7593513438599,股票型基金,规模指数股票型基金,83699200.0,83699200.0
2020-05-06,民生加银沪深300ETF,sh515350,3.921,3.876,3.937,3.876,3.936,5160271.0,20111866.0,0.9801,3.9429,0.9801332975,6.1652572545496,股票型基金,规模指数股票型基金,83699200.0,83699200.0
2020-05-07,民生加银沪深300ETF,sh515350,3.936,3.939,3.941,3.921,3.924,2801658.0,11013975.0,0.9774,3.9321,0.9774486137,3.3472936419942,股票型基金,规模指数股票型基金,83699200.0,83699200.0
2020-05-08,民生加银沪深300ETF,sh515350,3.924,3.948,3.989,3.946,3.969,3092742.0,12287929.0,0.9881,3.9749,0.9880879161,3.6950675753173,股票型基金,规模指数股票型基金,83699200.0,83699200.0
2020-05-11,民生加银沪深300ETF,sh515350,3.969,3.996,4.005,3.956,3.968,3327199.0,13245784.0,0.9873,3.9716,0.987267596,3.9751861427588,股票型基金,规模指数股票型基金,83699200.0,83699200.0
2020-05-12,民生加银沪深300ETF,sh515350,3.968,3.973,3.978,3.943,3.967,5091318.0,20165838.0,0.9874,3.9721,0.9873918869,6.0828753440893,股票型基金,规模指数股票型基金,83699200.0,83699200.0
2020-05-13,民生加银沪深300ETF,sh515350,3.967,3.949,3.977,3.941,3.971,4131879.0,16351896.0,0.9894,3.9803,0.9894302579,4.9365812337513,股票型基金,规模指数股票型基金,83699200.0,83699200.0
2020-05-14,民生加银沪深300ETF,sh515350,3.971,3.971,3.971,3.934,3.936,4290517.0,16924253.0,0.9789,3.9378,0.9788655302,5.1261147059948,股票型基金,规模指数股票型基金,83699200.0,83699200.0
2020-05-15,民生加银沪深300ETF,sh515350,3.936,3.962,3.962,3.913,3.919,5745774.0,22620040.0,0.976,3.9263,0.9760068391,6.9394076271268,股票型基金,规模指数股票型基金,82799200.0,82799200.0
2020-05-18,民生加银沪深300ETF,sh515350,3.919,3.924,3.953,3.91,3.934,4618701.0,18170326.0,0.9786,3.9366,0.978567232,5.6394946470784,股票型基金,规模指数股票型基金,81899200.0,81899200.0
2020-05-19,民生加银沪深300ETF,sh515350,3.934,3.974,3.974,3.952,3.958,4070361.0,16123530.0,0.9869,3.9701,0.9868947233,5.0251866685103,股票型基金,规模指数股票型基金,80999200.0,80999200.0
2020-05-20,民生加银沪深300ETF,sh515350,3.958,3.959,3.962,3.942,3.942,4172946.0,16504459.0,0.9819,3.9501,0.9819230867,5.1518360675167,股票型基金,规模指数股票型基金,80999200.0,80999200.0
2020-05-21,民生加银沪深300ETF,sh515350,3.942,3.957,3.958,3.917,3.919,3807849.0,15006546.0,0.9767,3.9291,0.9767028683,4.8079387165527,股票型基金,规模指数股票型基金,79199200.0,79199200.0
2020-05-22,民生加银沪深300ETF,sh515350,3.919,3.91,3.91,3.834,3.847,5363958.0,20763696.0,0.9547,3.8405,0.9546785181,6.7727426539662,股票型基金,规模指数股票型基金,79199200.0,79199200.0
2020-05-25,民生加银沪深300ETF,sh515350,3.847,3.828,3.845,3.814,3.837,4797431.0,18356066.0,0.9561,3.8463,0.9561202927,6.0574235598339,股票型基金,规模指数股票型基金,79199200.0,79199200.0
2020-05-26,民生加银沪深300ETF,sh515350,3.837,3.858,3.88,3.855,3.879,3957166.0,15288581.0,0.9671,3.8903,0.9670578932,4.9964721865877,股票型基金,规模指数股票型基金,79199200.0,79199200.0
2020-05-27,民生加银沪深300ETF,sh515350,3.879,3.9,3.9,3.854,3.859,4852600.0,18788143.0,0.9604,3.8636,0.9604207584,6.2695738457245,股票型基金,规模指数股票型基金,77399200.0,77399200.0
2020-05-28,民生加银沪深300ETF,sh515350,3.859,3.846,3.9,3.835,3.864,4973371.0,19184750.0,0.9635,3.8759,0.9634783149,6.4256103422258,股票型基金,规模指数股票型基金,77399200.0,77399200.0
2020-05-29,民生加银沪深300ETF,sh515350,3.864,3.855,3.888,3.849,3.88,4906400.0,18993657.0,0.9668,3.8894,0.9668341696,6.3390836080993,股票型基金,规模指数股票型基金,77399200.0,77399200.0
2020-06-01,民生加银沪深300ETF,sh515350,3.88,3.919,3.993,3.919,3.985,5957366.0,23614502.0,0.9927,3.9936,0.9927363963,7.6084634325766,股票型基金,规模指数股票型基金,78299200.0,78299200.0
2020-06-02,民生加银沪深300ETF,sh515350,3.985,3.991,4.01,3.981,4.0,5188169.0,20712863.0,0.9964,4.0085,0.9964402656,6.6260817479617,股票型基金,规模指数股票型基金,78299200.0,78299200.0
2020-06-03,民生加银沪深300ETF,sh515350,4.0,4.029,4.038,4.0,4.0,6956779.0,27974136.0,0.9968,4.0099,0.9967882801,8.8848660011852,股票型基金,规模指数股票型基金,78299200.0,78299200.0
2020-06-04,民生加银沪深300ETF,sh515350,4.0,4.016,4.016,3.992,4.001,5869820.0,23489932.0,0.9966,4.0091,0.9965894147,7.6730475612817,股票型基金,规模指数股票型基金,76499200.0,76499200.0
2020-06-05,民生加银沪深300ETF,sh515350,4.001,4.006,4.023,3.99,4.022,3580638.0,14335812.0,1.0016,4.0294,1.0016356258,4.6806214966954,股票型基金,规模指数股票型基金,76499200.0,76499200.0
2020-06-08,民生加银沪深300ETF,sh515350,4.022,4.05,4.068,4.037,4.041,8642215.0,35055622.0,1.0069,4.0504,1.0068558442,11.710445370682,股票型基金,规模指数股票型基金,73799200.0,73799200.0
2020-06-09,民生加银沪深300ETF,sh515350,4.041,4.045,4.071,4.042,4.067,4293909.0,17436141.0,1.0131,4.0756,1.0131201063,5.8183679497881,股票型基金,规模指数股票型基金,73799200.0,73799200.0
2020-06-10,民生加银沪深300ETF,sh515350,4.067,4.06,4.068,4.052,4.067,6126731.0,24880289.0,1.0121,4.0716,1.012125779,8.5094431604796,股票型基金,规模指数股票型基金,71999200.0,71999200.0
2020-06-11,民生加银沪深300ETF,sh515350,4.067,4.059,4.074,4.019,4.027,6245507.0,25358917.0,1.0023,4.0321,1.0023067967,8.6744116601296,股票型基金,规模指数股票型基金,71999200.0,71999200.0
2020-06-12,民生加银沪深300ETF,sh515350,4.027,3.97,4.041,3.97,4.028,7050016.0,28221851.0,1.0027,4.0336,1.0026796695,9.5529707639107,股票型基金,规模指数股票型基金,73799200.0,73799200.0
2020-06-15,民生加银沪深300ETF,sh515350,4.028,4.012,4.031,3.979,3.987,8425274.0,33792678.0,0.9911,3.987,0.9910957562,12.001951589192,股票型基金,规模指数股票型基金,70199200.0,70199200.0
2020-06-16,民生加银沪深300ETF,sh515350,3.987,4.022,4.04,4.016,4.039,8100215.0,32628695.0,1.0059,4.0467,1.0059360915,10.8437774434,股票型基金,规模指数股票型基金,74699200.0,74699200.0
2020-06-17,民生加银沪深300ETF,sh515350,4.039,4.042,4.053,4.016,4.048,12161299.0,49034395.0,1.0069,4.0504,1.0068558442,17.104691754619,股票型基金,规模指数股票型基金,71099200.0,71099200.0
2020-06-18,民生加银沪深300ETF,sh515350,4.048,4.028,4.086,4.026,4.083,6422820.0,26059450.0,1.0139,4.0789,1.0139404264,8.9206824520272,股票型基金,规模指数股票型基金,71999200.0,71999200.0
2020-06-19,民生加银沪深300ETF,sh515350,4.083,4.085,4.145,4.085,4.125,5848615.0,24047476.0,1.0279,4.1349,1.0278610089,8.1231666462961,股票型基金,规模指数股票型基金,71999200.0,71999200.0
2020-06-22,民生加银沪深300ETF,sh515350,4.125,4.135,4.162,4.121,4.131,5810028.0,24083907.0,1.029,4.1396,1.0290293435,8.1717206382069,股票型基金,规模指数股票型基金,71099200.0,71099200.0
2020-06-23,民生加银沪深300ETF,sh515350,4.131,4.123,4.152,4.104,4.151,8524704.0,35239650.0,1.0341,4.1598,1.0340506964,12.301302179535,股票型基金,规模指数股票型基金,69299200.0,69299200.0
2020-06-24,民生加银沪深300ETF,sh515350,4.151,4.151,4.184,4.151,4.181,7289664.0,30418584.0,1.0399,4.1833,1.0398923694,10.657528158224,股票型基金,规模指数股票型基金,68399200.0,68399200.0
2020-06-29,民生加银沪深300ETF,sh515350,4.181,4.179,4.182,4.132,4.143,6085700.0,25221942.0,1.0327,4.1543,1.0326834964,9.1377974510204,股票型基金,规模指数股票型基金,66599200.0,66599200.0
2020-06-30,民生加银沪深300ETF,sh515350,4.143,4.181,4.218,4.179,4.197,8149029.0,34177161.0,1.0472,4.2127,1.0472006752,12.235926257372,股票型基金,规模指数股票型基金,66599200.0,66599200.0
2020-07-01,民生加银沪深300ETF,sh515350,4.197,4.197,4.297,4.197,4.288,11625211.0,49235701.0,1.0682,4.2973,1.0682306981,18.193046235321,股票型基金,规模指数股票型基金,63899200.0,63899200.0
2020-07-02,民生加银沪深300ETF,sh515350,4.288,4.292,4.397,4.291,4.385,9632943.0,41794217.0,1.0904,4.3866,1.0904290555,14.865836306621,股票型基金,规模指数股票型基金,64799200.0,64799200.0
2020-07-03,民生加银沪深300ETF,sh515350,4.385,4.389,4.466,4.389,4.466,15920697.0,70332006.0,1.1115,4.4714,1.1115087947,24.915330708366,股票型基金,规模指数股票型基金,63899200.0,63899200.0
2020-07-06,民生加银沪深300ETF,sh515350,4.466,4.535,4.78,4.423,4.675,9764698.0,45057629.0,1.1741,4.7232,1.1741016995,15.281408843929,股票型基金,规模指数股票型基金,63899200.0,63899200.0
2020-07-07,民生加银沪深300ETF,sh515350,4.675,4.68,4.86,4.68,4.736,8416875.0,40242540.0,1.1815,4.7528,1.1814597216,13.753243506451,股票型基金,规模指数股票型基金,61199200.0,61199200.0
2020-07-08,民生加银沪深300ETF,sh515350,4.736,4.76,4.834,4.717,4.8,13979313.0,66536472.0,1.2005,4.8295,1.200525948,26.780703535686,股票型基金,规模指数股票型基金,52199200.0,52199200.0
2020-07-09,民生加银沪深300ETF,sh515350,4.8,4.798,4.879,4.798,4.858,13532868.0,65470831.0,1.2173,4.8969,1.2172803633,27.339569124349,股票型基金,规模指数股票型基金,49499200.0,49499200.0
2020-07-10,民生加银沪深300ETF,sh515350,4.858,4.867,4.867,4.77,4.791,5519090.0,26631767.0,1.1978,4.8185,1.1977915479,11.57061334362,股票型基金,规模指数股票型基金,47699200.0,47699200.0
2020-07-13,民生加银沪深300ETF,sh515350,4.791,4.827,4.932,4.801,4.888,8524442.0,41412329.0,1.2234,4.9217,1.2234451927,18.943541218511,股票型基金,规模指数股票型基金,44999200.0,44999200.0
2020-07-14,民生加银沪深300ETF,sh515350,4.888,4.883,4.896,4.778,4.848,9412955.0,45744582.0,1.2129,4.8791,1.2128556068,22.253269565382,股票型基金,规模指数股票型基金,42299200.0,42299200.0
2020-07-15,民生加银沪深300ETF,sh515350,4.848,4.818,4.907,4.796,4.827,13582973.0,66023700.0,1.1991,4.8238,1.1991090316,31.442649400915,股票型基金,规模指数股票型基金,43199200.0,43199200.0
2020-07-16,民生加银沪深300ETF,sh515350,4.827,4.822,4.932,4.665,4.665,11765189.0,57103383.0,1.1583,4.6597,1.1583167533,28.418880074977,股票型基金,规模指数股票型基金,41399200.0,41399200.0
2020-07-17,民生加银沪深300ETF,sh515350,4.665,4.659,4.735,4.639,4.682,8980292.0,41956958.0,1.165,4.6867,1.1650284627,23.757889055853,股票型基金,规模指数股票型基金,37799200.0,37799200.0
2020-07-20,民生加银沪深300ETF,sh515350,4.682,4.733,4.813,4.678,4.809,9283171.0,43814873.0,1.2025,4.8374,1.2024897444,26.448383438939,股票型基金,规模指数股票型基金,35099200.0,35099200.0
2020-07-21,民生加银沪深300ETF,sh515350,4.809,4.837,4.855,4.813,4.844,3271734.0,15832956.0,1.205,4.8475,1.2050004209,9.5666974666074,股票型基金,规模指数股票型基金,34199200.0,34199200.0
2020-07-22,民生加银沪深300ETF,sh515350,4.844,4.84,4.96,4.828,4.878,1786259.0,8738906.0,1.2163,4.893,1.2163108942,5.3642700124928,股票型基金,规模指数股票型基金,33299200.0,33299200.0
2020-07-23,民生加银沪深300ETF,sh515350,4.878,4.874,4.919,4.789,4.891,2912707.0,14191988.0,1.2165,4.8937,1.2164849015,8.2984996809044,股票型基金,规模指数股票型基金,35099200.0,35099200.0
2020-07-24,民生加银沪深300ETF,sh515350,4.891,4.886,4.886,4.663,4.682,4663493.0,22358543.0,1.1626,4.677,1.1626172189,12.954435098558,股票型基金,规模指数股票型基金,35999200.0,35999200.0
2020-07-27,民生加银沪深300ETF,sh515350,4.682,4.72,4.741,4.668,4.709,2890043.0,13613691.0,1.1678,4.6979,1.1678125792,7.8322646561443,股票型基金,规模指数股票型基金,36899200.0,36899200.0
2020-07-28,民生加银沪深300ETF,sh515350,4.709,4.742,4.755,4.709,4.73,3680658.0,17415098.0,1.1785,4.7407,1.1784518815,9.9748991848062,股票型基金,规模指数股票型基金,36899200.0,36899200.0
2020-07-29,民生加银沪深300ETF,sh515350,4.73,4.726,4.865,4.726,4.865,3605075.0,17352560.0,1.2099,4.8674,1.2099471993,9.3156318476868,股票型基金,规模指数股票型基金,38699200.0,38699200.0
2020-07-30,民生加银沪深300ETF,sh515350,4.865,4.87,4.884,4.831,4.839,1975484.0,9598861.0,1.2047,4.8461,1.2046524064,5.1047153429528,股票型基金,规模指数股票型基金,38699200.0,38699200.0
2020-07-31,民生加银沪深300ETF,sh515350,4.839,4.879,4.934,4.793,4.877,5854415.0,28598678.0,1.2181,4.9003,1.2181255415,15.865967283844,股票型基金,规模指数股票型基金,36899200.0,36899200.0
2020-08-03,民生加银沪深300ETF,sh515350,4.877,4.882,4.971,4.882,4.97,3407116.0,16814672.0,1.2377,4.9792,1.2377386479,9.7071044354287,股票型基金,规模指数股票型基金,35099200.0,35099200.0
2020-08-04,民生加银沪深300ETF,sh515350,4.97,4.97,5.014,4.954,4.977,2267870.0,11301072.0,1.2377,4.979,1.2376889316,6.461315357615,股票型基金,规模指数股票型基金,35099200.0,35099200.0
2020-08-05,民生加银沪深300ETF,sh515350,4.977,4.952,4.992,4.9,4.976,2694777.0,13306108.0,1.2392,4.9851,1.2392052807,7.6776023385148,股票型基金,规模指数股票型基金,35099200.0,35099200.0
2020-08-06,民生加银沪深300ETF,sh515350,4.976,4.981,5.004,4.885,4.964,2597200.0,12914249.0,1.2376,4.9785,1.2375646407,7.3995988512559,股票型基金,规模指数股票型基金,35099200.0,35099200.0
2020-08-07,民生加银沪深300ETF,sh515350,4.964,4.941,4.958,4.845,4.918,3861759.0,19054037.0,1.2237,4.9228,1.2237186327,11.291957121804,股票型基金,规模指数股票型基金,34199200.0,34199200.0
2020-08-10,民生加银沪深300ETF,sh515350,4.918,4.913,4.973,4.857,4.938,4262828.0,20881126.0,1.227,4.9358,1.2269501965,12.464700928677,股票型基金,规模指数股票型基金,34199200.0,34199200.0
2020-08-11,民生加银沪深300ETF,sh515350,4.938,4.943,5.007,4.904,4.904,4502242.0,22427216.0,1.2164,4.8934,1.2164103269,13.164758239959,股票型基金,规模指数股票型基金,34199200.0,34199200.0
2020-08-12,民生加银沪深300ETF,sh515350,4.904,4.899,4.899,4.776,4.861,3958216.0,19229553.0,1.2079,4.8593,1.2079336865,11.574001731035,股票型基金,规模指数股票型基金,34199200.0,34199200.0
2020-08-13,民生加银沪深300ETF,sh515350,4.861,4.866,4.873,4.834,4.847,2689893.0,13056896.0,1.2051,4.8479,1.2050998537,7.8653681957473,股票型基金,规模指数股票型基金,34199200.0,34199200.0
2020-08-14,民生加银沪深300ETF,sh515350,4.847,4.861,4.937,4.853,4.934,4985300.0,24364760.0,1.2232,4.9206,1.2231717527,14.203457628664,股票型基金,规模指数股票型基金,35099200.0,35099200.0
2020-08-17,民生加银沪深300ETF,sh515350,4.934,4.957,5.061,4.94,5.037,4207329.0,20991328.0,1.2534,5.0422,1.2533993032,11.986965514884,股票型基金,规模指数股票型基金,35099200.0,35099200.0
2020-08-18,民生加银沪深300ETF,sh515350,5.037,5.051,5.052,5.008,5.032,2191690.0,11030122.0,1.2541,5.0451,1.2541201905,6.2442733737521,股票型基金,规模指数股票型基金,35099200.0,35099200.0
2020-08-19,民生加银沪深300ETF,sh515350,5.032,5.032,5.039,4.984,4.985,3986029.0,19989553.0,1.2362,4.9732,1.236247157,11.356466814058,股票型基金,规模指数股票型基金,35099200.0,35099200.0
2020-08-20,民生加银沪深300ETF,sh515350,4.985,4.979,4.979,4.916,4.928,2158788.0,10663820.0,1.2218,4.9149,1.2217548363,5.9967665948132,股票型基金,规模指数股票型基金,35999200.0,35999200.0
2020-08-21,民生加银沪深300ETF,sh515350,4.928,4.968,4.985,4.935,4.964,6233700.0,30947281.0,1.232,4.956,1.2319715495,15.392155894437,股票型基金,规模指数股票型基金,40499200.0,40499200.0
2020-08-24,民生加银沪深300ETF,sh515350,4.964,4.985,5.032,4.976,5.002,1756086.0,8787243.0,1.2502,5.0294,1.2502174558,4.336100466182,股票型基金,规模指数股票型基金,40499200.0,40499200.0
2020-08-25,民生加银沪深300ETF,sh515350,5.002,5.007,5.074,5.007,5.026,3051717.0,15423288.0,1.2516,5.0348,1.2515597977,7.5352525481985,股票型基金,规模指数股票型基金,40499200.0,40499200.0
2020-08-26,民生加银沪深300ETF,sh515350,5.026,5.028,5.046,4.964,4.976,2284900.0,11442019.0,1.237,4.9761,1.2369680443,5.6418398388116,股票型基金,规模指数股票型基金,40499200.0,40499200.0
2020-08-27,民生加银沪深300ETF,sh515350,4.976,4.982,4.996,4.951,4.979,1516232.0,7547690.0,1.2438,5.0035,1.2437791864,3.7438566687737,股票型基金,规模指数股票型基金,40499200.0,40499200.0
2020-08-28,民生加银沪深300ETF,sh515350,4.979,4.984,5.138,4.984,5.135,5584191.0,28248079.0,1.2736,5.1233,1.2735592896,14.101777308632,股票型基金,规模指数股票型基金,39599200.0,39599200.0
2020-08-31,民生加银沪深300ETF,sh515350,5.135,5.176,5.184,5.088,5.088,5044400.0,25951899.0,1.2666,5.0955,1.2666487148,12.455554677623,股票型基金,规模指数股票型基金,40499200.0,40499200.0
2020-09-01,民生加银沪深300ETF,sh515350,5.088,5.083,5.121,5.077,5.121,1966916.0,10027718.0,1.2767,5.136,1.2767162789,4.8566786504425,股票型基金,规模指数股票型基金,40499200.0,40499200.0
2020-09-02,民生加银沪深300ETF,sh515350,5.121,5.126,5.152,5.089,5.138,4779048.0,24476282.0,1.2773,5.1385,1.2773377335,12.349216521272,股票型基金,规模指数股票型基金,38699200.0,38699200.0
2020-09-03,民生加银沪深300ETF,sh515350,5.138,5.117,5.163,5.095,5.095,2541574.0,13067540.0,1.2709,5.1128,1.2709491804,6.5675104394923,股票型基金,规模指数股票型基金,38699200.0,38699200.0
2020-09-04,民生加银沪深300ETF,sh515350,5.095,5.049,5.078,5.028,5.066,2841958.0,14328558.0,1.2604,5.0705,1.260434169,7.3437125315252,股票型基金,规模指数股票型基金,38699200.0,38699200.0
2020-09-07,民生加银沪深300ETF,sh515350,5.066,5.064,5.092,4.944,4.953,2897103.0,14519610.0,1.232,4.9563,1.232046124,7.4862090172407,股票型基金,规模指数股票型基金,38699200.0,38699200.0
2020-09-08,民生加银沪深300ETF,sh515350,4.953,4.971,4.999,4.936,4.981,1478929.0,7357637.0,1.238,4.9804,1.2380369461,3.8216009633274,股票型基金,规模指数股票型基金,38699200.0,38699200.0
2020-09-09,民生加银沪深300ETF,sh515350,4.981,4.928,4.931,4.837,4.874,3233626.0,15814498.0,1.209,4.8636,1.2090025884,8.3557954686402,股票型基金,规模指数股票型基金,38699200.0,38699200.0
2020-09-10,民生加银沪深300ETF,sh515350,4.874,4.912,4.936,4.862,4.872,3887769.0,19102657.0,1.21,4.8676,1.2099969157,10.046122400463,股票型基金,规模指数股票型基金,38699200.0,38699200.0
2020-09-11,民生加银沪深300ETF,sh515350,4.872,4.879,4.915,4.86,4.905,3280811.0,16004730.0,1.2226,4.9183,1.2226000145,8.2850436372452,股票型基金,规模指数股票型基金,39599200.0,39599200.0
2020-09-14,民生加银沪深300ETF,sh515350,4.905,4.947,4.947,4.913,4.942,1331700.0,6562554.0,1.2286,4.9426,1.228640553,3.3629467261965,股票型基金,规模指数股票型基金,39599200.0,39599200.0
2020-09-15,民生加银沪深300ETF,sh515350,4.942,4.928,4.989,4.928,4.979,1959858.0,9728115.0,1.2387,4.9832,1.2387329753,4.9492363482091,股票型基金,规模指数股票型基金,39599200.0,39599200.0
2020-09-16,民生加银沪深300ETF,sh515350,4.979,4.977,4.978,4.933,4.949,2311458.0,11468532.0,1.2336,4.9625,1.2335873314,5.8371330733954,股票型基金,规模指数股票型基金,39599200.0,39599200.0
2020-09-17,民生加银沪深300ETF,sh515350,4.949,4.944,4.978,4.908,4.934,3726316.0,18383708.0,1.2306,4.9504,1.2305794912,9.6289225617067,股票型基金,规模指数股票型基金,38699200.0,38699200.0
2020-09-18,民生加银沪深300ETF,sh515350,4.934,4.939,5.08,4.939,5.068,7038235.0,35187536.0,1.257,5.0566,1.2569788816,17.000896152583,股票型基金,规模指数股票型基金,41399200.0,41399200.0
2020-09-21,民生加银沪深300ETF,sh515350,5.068,5.069,5.069,5.002,5.009,3463819.0,17438221.0,1.2453,5.0098,1.2453452519,8.3668742391157,股票型基金,规模指数股票型基金,41399200.0,41399200.0
2020-09-22,民生加银沪深300ETF,sh515350,5.009,4.987,5.025,4.922,4.942,2207961.0,11019076.0,1.2314,4.9536,1.2313749531,5.3333421901872,股票型基金,规模指数股票型基金,41399200.0,41399200.0
2020-09-23,民生加银沪深300ETF,sh515350,4.942,4.947,4.976,4.938,4.96,2179900.0,10812535.0,1.236,4.9723,1.2360234333,5.3825754582807,股票型基金,规模指数股票型基金,40499200.0,40499200.0
2020-09-24,民生加银沪深300ETF,sh515350,4.96,4.955,4.955,4.885,4.891,3838357.0,18882347.0,1.2148,4.8869,1.214794545,9.9184401744739,股票型基金,规模指数股票型基金,38699200.0,38699200.0
2020-09-25,民生加银沪深300ETF,sh515350,4.891,4.896,4.931,4.895,4.897,4318700.0,21196340.0,1.2161,4.8922,1.2161120287,10.431844093606,股票型基金,规模指数股票型基金,41399200.0,41399200.0
2020-09-28,民生加银沪深300ETF,sh515350,4.897,4.902,4.94,4.895,4.907,1331529.0,6544679.0,1.2189,4.9036,1.2189458616,3.2163157742179,股票型基金,规模指数股票型基金,41399200.0,41399200.0
2020-09-29,民生加银沪深300ETF,sh515350,4.907,4.912,4.944,4.908,4.915,2549800.0,12573203.0,1.2215,4.9139,1.2215062544,6.0280099860045,股票型基金,规模指数股票型基金,42299200.0,42299200.0
2020-09-30,民生加银沪深300ETF,sh515350,4.915,4.92,4.95,4.868,4.888,4340757.0,21331211.0,1.2201,4.9083,1.2201141962,10.718130234671,股票型基金,规模指数股票型基金,40499200.0,40499200.0
2020-10-09,民生加银沪深300ETF,sh515350,4.888,4.893,5.023,4.893,4.993,3172929.0,15858880.0,1.2447,5.0072,1.2446989392,7.6642278111654,股票型基金,规模指数股票型基金,41399200.0,41399200.0
2020-10-12,民生加银沪深300ETF,sh515350,4.993,4.998,5.156,4.998,5.151,2790320.0,14232415.0,1.2837,5.164,1.2836765701,6.7400336238381,股票型基金,规模指数股票型基金,41399200.0,41399200.0
2020-10-13,民生加银沪深300ETF,sh515350,5.151,5.156,5.185,5.132,5.176,982585.0,5058391.0,1.288,5.1812,1.2879521776,2.3734395833736,股票型基金,规模指数股票型基金,41399200.0,41399200.0
2020-10-14,民生加银沪深300ETF,sh515350,5.176,5.171,5.171,5.138,5.153,4493794.0,23144659.0,1.2795,5.1471,1.2794755372,10.854784633519,股票型基金,规模指数股票型基金,41399200.0,41399200.0
2020-10-15,民生加银沪深300ETF,sh515350,5.153,5.154,5.17,5.137,5.141,2714900.0,13994172.0,1.2788,5.1445,1.2788292244,6.5578561904578,股票型基金,规模指数股票型基金,41399200.0,41399200.0
2020-10-16,民生加银沪深300ETF,sh515350,5.141,5.146,5.173,5.1,5.131,2481957.0,12765241.0,1.2825,5.1591,1.2824585192,5.9951810663008,股票型基金,规模指数股票型基金,41399200.0,41399200.0
2020-10-19,民生加银沪深300ETF,sh515350,5.131,5.132,5.225,5.108,5.114,3083676.0,15903817.0,1.2739,5.1248,1.2739321624,7.6141652180784,股票型基金,规模指数股票型基金,40499200.0,40499200.0
2020-10-20,民生加银沪深300ETF,sh515350,5.114,5.109,5.158,5.109,5.155,569985.0,2929521.0,1.2838,5.1645,1.283800861,1.4073981708281,股票型基金,规模指数股票型基金,40499200.0,40499200.0
2020-10-21,民生加银沪深300ETF,sh515350,5.155,5.145,5.166,5.116,5.166,1089300.0,5603019.0,1.283,5.1612,1.282980541,2.6896827591656,股票型基金,规模指数股票型基金,40499200.0,40499200.0
2020-10-22,民生加银沪深300ETF,sh515350,5.166,5.161,5.161,5.087,5.139,2051715.0,10498786.0,1.2803,5.1503,1.280270999,5.0660630333439,股票型基金,规模指数股票型基金,40499200.0,40499200.0
2020-10-23,民生加银沪深300ETF,sh515350,5.139,5.142,5.171,5.087,5.101,1848500.0,9498231.0,1.2655,5.0908,1.2654803802,4.5642876896334,股票型基金,规模指数股票型基金,40499200.0,40499200.0
2020-10-26,民生加银沪深300ETF,sh515350,5.101,5.08,5.08,5.012,5.06,1276645.0,6437223.0,1.2598,5.0681,1.2598375726,3.1522721436473,股票型基金,规模指数股票型基金,40499200.0,40499200.0
2020-10-27,民生加银沪深300ETF,sh515350,5.06,5.055,5.083,5.041,5.072,1670514.0,8455107.0,1.2622,5.0775,1.2621742418,4.124807403603,股票型基金,规模指数股票型基金,40499200.0,40499200.0
2020-10-28,民生加银沪深300ETF,sh515350,5.072,5.08,5.138,5.063,5.119,971400.0,4949627.0,1.2726,5.1193,1.2725649623,2.398565897598,股票型基金,规模指数股票型基金,40499200.0,40499200.0
2020-10-29,民生加银沪深300ETF,sh515350,5.119,5.114,5.186,5.077,5.166,2673500.0,13695523.0,1.2822,5.1581,1.2822099373,6.6013649652339,股票型基金,规模指数股票型基金,40499200.0,40499200.0
2020-10-30,民生加银沪深300ETF,sh515350,5.166,5.169,5.169,5.065,5.074,2278927.0,11712028.0,1.2627,5.0798,1.26274598,5.6270913993363,股票型基金,规模指数股票型基金,40499200.0,40499200.0
2020-11-02,民生加银沪深300ETF,sh515350,5.074,5.079,5.128,5.079,5.104,3124971.0,15974102.0,1.2694,5.1064,1.2693582567,7.3877780194424,股票型基金,规模指数股票型基金,42299200.0,42299200.0
2020-11-03,民生加银沪深300ETF,sh515350,5.104,5.109,5.176,5.109,5.164,3144197.0,16169943.0,1.2848,5.1687,1.2848449047,7.4332304157053,股票型基金,规模指数股票型基金,42299200.0,42299200.0
2020-11-04,民生加银沪深300ETF,sh515350,5.164,5.162,5.225,5.161,5.202,4060999.0,21053973.0,1.2936,5.204,1.2936198433,9.4006347339766,股票型基金,规模指数股票型基金,43199200.0,43199200.0
2020-11-05,民生加银沪深300ETF,sh515350,5.202,5.258,5.282,5.226,5.274,3126985.0,16433706.0,1.3143,5.2872,1.3143018516,7.2385252504676,股票型基金,规模指数股票型基金,43199200.0,43199200.0
2020-11-06,民生加银沪深300ETF,sh515350,5.274,5.296,5.296,5.248,5.276,3476900.0,18326849.0,1.3146,5.2882,1.3145504334,8.3984714680477,股票型基金,规模指数股票型基金,41399200.0,41399200.0
2020-11-09,民生加银沪深300ETF,sh515350,5.276,5.281,5.406,5.281,5.382,3854373.0,20699949.0,1.342,5.3985,1.3419690093,9.3102596185434,股票型基金,规模指数股票型基金,41399200.0,41399200.0
2020-11-10,民生加银沪深300ETF,sh515350,5.382,5.387,5.395,5.345,5.374,4475557.0,24082431.0,1.334,5.3665,1.3340143907,10.810733057644,股票型基金,规模指数股票型基金,41399200.0,41399200.0
2020-11-11,民生加银沪深300ETF,sh515350,5.374,5.369,5.383,5.324,5.329,3449700.0,18472506.0,1.3216,5.3167,1.3216350156,8.3327697153568,股票型基金,规模指数股票型基金,41399200.0,41399200.0
2020-11-12,民生加银沪深300ETF,sh515350,5.329,5.334,5.346,5.303,5.319,2445005.0,13007458.0,1.3233,5.3232,1.3232507975,5.9059233028658,股票型基金,规模指数股票型基金,41399200.0,41399200.0
2020-11-13,民生加银沪深300ETF,sh515350,5.319,5.314,5.314,5.233,5.268,3281500.0,17259875.0,1.3102,5.2707,1.3102002514,7.9264816711434,股票型基金,规模指数股票型基金,41399200.0,41399200.0
2020-11-16,民生加银沪深300ETF,sh515350,5.268,5.273,5.323,5.268,5.323,1645214.0,8705222.0,1.3222,5.319,1.3222067538,3.974023652631,股票型基金,规模指数股票型基金,41399200.0,41399200.0
2020-11-17,民生加银沪深300ETF,sh515350,5.323,5.311,5.316,5.286,5.298,2216800.0,11747336.0,1.3193,5.3075,1.3193480627,5.3546928443062,股票型基金,规模指数股票型基金,41399200.0,41399200.0
2020-11-18,民生加银沪深300ETF,sh515350,5.298,5.31,5.335,5.3,5.312,1596500.0,8494436.0,1.3221,5.3185,1.3220824629,3.8563547121684,股票型基金,规模指数股票型基金,41399200.0,41399200.0
2020-11-19,民生加银沪深300ETF,sh515350,5.312,5.299,5.375,5.299,5.365,2668557.0,14232729.0,1.3313,5.3556,1.3313048487,6.3087647047698,股票型基金,规模指数股票型基金,42299200.0,42299200.0
2020-11-20,民生加银沪深300ETF,sh515350,5.365,5.36,5.378,5.355,5.373,785500.0,4210962.0,1.3352,5.3711,1.3351578671,1.8570091160117,股票型基金,规模指数股票型基金,42299200.0,42299200.0
2020-11-23,民生加银沪深300ETF,sh515350,5.373,5.378,5.469,5.372,5.433,4592445.0,24980991.0,1.3518,5.438,1.3517879915,10.630856589937,股票型基金,规模指数股票型基金,43199200.0,43199200.0
2020-11-24,民生加银沪深300ETF,sh515350,5.433,5.434,5.437,5.4,5.411,1154237.0,6250159.0,1.3449,5.4104,1.344927133,2.7880659529653,股票型基金,规模指数股票型基金,41399200.0,41399200.0
2020-11-25,民生加银沪深300ETF,sh515350,5.411,5.429,5.45,5.346,5.347,2904400.0,15660053.0,1.3279,5.342,1.3279241359,6.866323712978,股票型基金,规模指数股票型基金,42299200.0,42299200.0
2020-11-26,民生加银沪深300ETF,sh515350,5.347,5.353,5.357,5.308,5.346,2543000.0,13564447.0,1.3295,5.3485,1.3295399178,6.0119340318493,股票型基金,规模指数股票型基金,42299200.0,42299200.0
2020-11-27,民生加银沪深300ETF,sh515350,5.346,5.343,5.417,5.343,5.417,1653400.0,8865841.0,1.3465,5.4169,1.3465429149,3.9088209706094,股票型基金,规模指数股票型基金,42299200.0,42299200.0
2020-11-30,民生加银沪深300ETF,sh515350,5.417,5.422,5.502,5.391,5.4,4252065.0,23181347.0,1.3416,5.3971,1.3416209947,9.6420456606923,股票型基金,规模指数股票型基金,44099200.0,44099200.0
2020-12-01,民生加银沪深300ETF,sh515350,5.4,5.413,5.521,5.408,5.496,1634570.0,8910640.0,1.3694,5.5087,1.3693627269,3.6324423545307,股票型基金,规模指数股票型基金,44999200.0,44999200.0
2020-12-02,民生加银沪深300ETF,sh515350,5.496,5.501,5.53,5.475,5.51,2503985.0,13797759.0,1.371,5.5151,1.3709536506,5.564510035734,股票型基金,规模指数股票型基金,44999200.0,44999200.0
2020-12-03,民生加银沪深300ETF,sh515350,5.51,5.504,5.524,5.48,5.505,2138100.0,11758764.0,1.3687,5.5061,1.3687164142,4.6582511242026,股票型基金,规模指数股票型基金,45899200.0,45899200.0
2020-12-04,民生加银沪深300ETF,sh515350,5.505,5.507,5.523,5.46,5.514,2216600.0,12162619.0,1.3704,5.5128,1.3703819124,4.829278070206,股票型基金,规模指数股票型基金,45899200.0,45899200.0
2020-12-07,民生加银沪深300ETF,sh515350,5.514,5.508,5.508,5.447,5.47,3941116.0,21575317.0,1.3611,5.4754,1.361084952,8.586459023251,股票型基金,规模指数股票型基金,45899200.0,45899200.0
2020-12-08,民生加银沪深300ETF,sh515350,5.47,5.475,5.499,5.458,5.461,1533200.0,8399332.0,1.3582,5.4637,1.3581765446,3.3403632307317,股票型基金,规模指数股票型基金,45899200.0,45899200.0
2020-12-09,民生加银沪深300ETF,sh515350,5.461,5.481,5.492,5.394,5.396,2847700.0,15495141.0,1.3402,5.3914,1.3402040783,6.0849330757791,股票型基金,规模指数股票型基金,46799200.0,46799200.0
2020-12-10,民生加银沪深300ETF,sh515350,5.396,5.396,5.408,5.377,5.389,2384700.0,12854763.0,1.3401,5.3909,1.3400797873,5.095599924785,股票型基金,规模指数股票型基金,46799200.0,46799200.0
2020-12-11,民生加银沪深300ETF,sh515350,5.389,5.394,5.408,5.294,5.332,2394358.0,12805189.0,1.3253,5.3315,1.3253140266,5.1162370296928,股票型基金,规模指数股票型基金,46799200.0,46799200.0
2020-12-14,民生加银沪深300ETF,sh515350,5.332,5.332,5.376,5.324,5.372,831900.0,4451359.0,1.3372,5.3794,1.3372210963,1.7775944887947,股票型基金,规模指数股票型基金,46799200.0,46799200.0
2020-12-15,民生加银沪深300ETF,sh515350,5.372,5.356,5.398,5.341,5.39,1840300.0,9878701.0,1.3392,5.3874,1.3392097509,3.9323321766184,股票型基金,规模指数股票型基金,46799200.0,46799200.0
2020-12-16,民生加银沪深300ETF,sh515350,5.39,5.395,5.406,5.379,5.394,1916700.0,10340969.0,1.3415,5.3966,1.3414967038,4.0955828304757,股票型基金,规模指数股票型基金,46799200.0,46799200.0
2020-12-17,民生加银沪深300ETF,sh515350,5.394,5.407,5.484,5.399,5.483,3327443.0,18098931.0,1.3585,5.465,1.358499701,6.8467032379134,股票型基金,规模指数股票型基金,48599200.0,48599200.0
2020-12-18,民生加银沪深300ETF,sh515350,5.483,5.463,5.466,5.426,5.444,2908900.0,15837497.0,1.3539,5.4466,1.3539257953,6.0984251308198,股票型基金,规模指数股票型基金,47699200.0,47699200.0
2020-12-21,民生加银沪深300ETF,sh515350,5.444,5.433,5.501,5.415,5.491,2736600.0,14984282.0,1.3667,5.4978,1.366653185,5.7372031396753,股票型基金,规模指数股票型基金,47699200.0,47699200.0
2020-12-22,民生加银沪深300ETF,sh515350,5.491,5.486,5.492,5.407,5.419,5551700.0,30318619.0,1.3458,5.4141,1.3458468858,11.015452626232,股票型基金,规模指数股票型基金,50399200.0,50399200.0
2020-12-23,民生加银沪深300ETF,sh515350,5.419,5.43,5.48,5.43,5.459,3747900.0,20433589.0,1.3581,5.4635,1.3581268282,7.4364275623423,股票型基金,规模指数股票型基金,50399200.0,50399200.0
2020-12-24,民生加银沪深300ETF,sh515350,5.459,5.45,5.483,5.441,5.457,2162085.0,11819652.0,1.3561,5.4554,1.3561133154,4.2899192844331,股票型基金,规模指数股票型基金,50399200.0,50399200.0
2020-12-25,民生加银沪深300ETF,sh515350,5.457,5.445,5.503,5.439,5.5,4693191.0,25763724.0,1.3675,5.5011,1.367473505,8.9909251482781,股票型基金,规模指数股票型基金,52199200.0,52199200.0
2020-12-28,民生加银沪深300ETF,sh515350,5.5,5.508,5.547,5.494,5.516,3555900.0,19637519.0,1.3728,5.5224,1.372768298,6.8121733666416,股票型基金,规模指数股票型基金,52199200.0,52199200.0
2020-12-29,民生加银沪深300ETF,sh515350,5.516,5.534,5.542,5.499,5.504,1891500.0,10428157.0,1.3674,5.501,1.3674486468,3.6236187527778,股票型基金,规模指数股票型基金,52199200.0,52199200.0
2020-12-30,民生加银沪深300ETF,sh515350,5.504,5.515,5.575,5.515,5.574,2530300.0,14034794.0,1.3893,5.5888,1.3892741315,4.8473922972,股票型基金,规模指数股票型基金,52199200.0,52199200.0
2020-12-31,民生加银沪深300ETF,sh515350,5.574,5.579,5.699,5.579,5.687,2920897.0,16514761.0,1.4171,5.7006,1.4170655801,5.795522547977,股票型基金,规模指数股票型基金,50399200.0,50399200.0
2021-01-04,民生加银沪深300ETF,sh515350,5.687,5.693,5.788,5.674,5.764,2470500.0,14189409.0,1.4322,5.7616,1.4322290717,4.9018635216432,股票型基金,规模指数股票型基金,50399200.0,50399200.0
2021-01-05,民生加银沪深300ETF,sh515350,5.764,5.758,5.859,5.724,5.85,4043349.0,23395086.0,1.459,5.8692,1.4589764766,8.0226452007175,股票型基金,规模指数股票型基金,50399200.0,50399200.0
2021-01-06,民生加银沪深300ETF,sh515350,5.85,5.85,5.936,5.848,5.916,5452800.0,32120325.0,1.4725,5.9236,1.4724993282,10.819219352688,股票型基金,规模指数股票型基金,50399200.0,50399200.0
2021-01-07,民生加银沪深300ETF,sh515350,5.916,5.922,6.032,5.915,6.032,5518729.0,32819996.0,1.4985,6.0283,1.4985258458,10.757924100181,股票型基金,规模指数股票型基金,51299200.0,51299200.0
2021-01-08,民生加银沪深300ETF,sh515350,6.032,6.042,6.05,5.961,6.012,5641184.0,33876027.0,1.4945,6.0122,1.4945236783,10.996631526418,股票型基金,规模指数股票型基金,51299200.0,51299200.0
2021-01-11,民生加银沪深300ETF,sh515350,6.012,6.009,6.055,5.916,5.949,4009471.0,24034788.0,1.4803,5.9551,1.4803296558,7.8158548281455,股票型基金,规模指数股票型基金,51299200.0,51299200.0
2021-01-12,民生加银沪深300ETF,sh515350,5.949,5.943,6.11,5.925,6.108,4981829.0,29757415.0,1.5218,6.122,1.5218179633,9.711319084898,股票型基金,规模指数股票型基金,51299200.0,51299200.0
2021-01-13,民生加银沪深300ETF,sh515350,6.108,6.108,6.159,6.059,6.098,4165458.0,25505494.0,1.5165,6.1008,1.5165480285,8.2649288083938,股票型基金,规模指数股票型基金,50399200.0,50399200.0
2021-01-14,民生加银沪深300ETF,sh515350,6.098,6.095,6.095,5.98,5.992,3396558.0,20487331.0,1.489,5.9901,1.4890300199,6.5069158148018,股票型基金,规模指数股票型基金,52199200.0,52199200.0
2021-01-15,民生加银沪深300ETF,sh515350,5.992,6.01,6.024,5.906,5.966,3373800.0,20072192.0,1.4854,5.9755,1.4854007252,6.4633174454781,股票型基金,规模指数股票型基金,52199200.0,52199200.0
2021-01-18,民生加银沪深300ETF,sh515350,5.966,5.96,6.053,5.92,6.025,5260100.0,31508092.0,1.5022,6.0432,1.5022297151,10.253766140603,股票型基金,规模指数股票型基金,51299200.0,51299200.0
2021-01-19,民生加银沪深300ETF,sh515350,6.025,6.031,6.033,5.928,5.945,2163900.0,12984499.0,1.4806,5.9562,1.4806030958,4.2181944357807,股票型基金,规模指数股票型基金,51299200.0,51299200.0
2021-01-20,民生加银沪深300ETF,sh515350,5.945,5.951,6.013,5.941,5.983,2416015.0,14442558.0,1.4914,5.9997,1.4914164055,4.7096543415882,股票型基金,规模指数股票型基金,51299200.0,51299200.0
2021-01-21,民生加银沪深300ETF,sh515350,5.983,6.023,6.125,6.008,6.078,3841058.0,23290591.0,1.5159,6.0982,1.5159017157,7.4875592601834,股票型基金,规模指数股票型基金,51299200.0,51299200.0
2021-01-22,民生加银沪深300ETF,sh515350,6.078,6.075,6.1,6.029,6.09,4311171.0,26165069.0,1.5196,6.1131,1.519605585,8.5540464928015,股票型基金,规模指数股票型基金,50399200.0,50399200.0
2021-01-25,民生加银沪深300ETF,sh515350,6.09,6.079,6.187,6.061,6.16,2476714.0,15106912.0,1.5349,6.1746,1.5348933675,5.003543491612,股票型基金,规模指数股票型基金,49499200.0,49499200.0
2021-01-26,民生加银沪深300ETF,sh515350,6.16,6.16,6.16,6.042,6.049,1733558.0,10571577.0,1.5044,6.052,1.5044172352,3.5670504864278,股票型基金,规模指数股票型基金,48599200.0,48599200.0
2021-01-27,民生加银沪深300ETF,sh515350,6.049,6.049,6.084,5.991,6.052,1986672.0,11995387.0,1.5085,6.0684,1.5084939772,3.8727153639823,股票型基金,规模指数股票型基金,51299200.0,51299200.0
2021-01-28,民生加银沪深300ETF,sh515350,6.052,6.046,6.046,5.891,5.91,2112200.0,12530388.0,1.468,5.9054,1.4679751389,4.117413137047,股票型基金,规模指数股票型基金,51299200.0,51299200.0
2021-01-29,民生加银沪深300ETF,sh515350,5.91,5.916,5.964,5.793,5.872,2218200.0,13090841.0,1.4612,5.8783,1.4612385713,4.2494904136462,股票型基金,规模指数股票型基金,52199200.0,52199200.0
2021-02-01,民生加银沪深300ETF,sh515350,5.872,5.892,5.944,5.881,5.934,2301900.0,13605968.0,1.4803,5.9548,1.4802550813,4.409837698662,股票型基金,规模指数股票型基金,52199200.0,52199200.0
2021-02-02,民生加银沪深300ETF,sh515350,5.934,5.934,6.023,5.934,6.023,2636600.0,15822965.0,1.5026,6.0446,1.5025777296,5.1396513006051,股票型基金,规模指数股票型基金,51299200.0,51299200.0
2021-02-03,民生加银沪深300ETF,sh515350,6.023,5.952,6.06,5.952,6.031,1657900.0,9996979.0,1.4992,6.0311,1.4992218749,3.2895363418467,股票型基金,规模指数股票型基金,50399200.0,50399200.0
2021-02-04,民生加银沪深300ETF,sh515350,6.031,6.025,6.043,5.954,6.015,1381637.0,8305905.0,1.4962,6.0189,1.4961891766,2.7413867680439,股票型基金,规模指数股票型基金,50399200.0,50399200.0
2021-02-05,民生加银沪深300ETF,sh515350,6.015,6.021,6.082,6.021,6.031,1580685.0,9579439.0,1.4989,6.0297,1.4988738604,3.1363295449134,股票型基金,规模指数股票型基金,50399200.0,50399200.0
2021-02-08,民生加银沪深300ETF,sh515350,6.031,6.037,6.121,6.03,6.101,1961471.0,11920684.0,1.5215,6.1208,1.5215196651,3.891869315386,股票型基金,规模指数股票型基金,50399200.0,50399200.0
2021-02-09,民生加银沪深300ETF,sh515350,6.101,6.118,6.24,6.101,6.239,2480966.0,15314203.0,1.5559,6.2591,1.5558985322,5.0121335294308,股票型基金,规模指数股票型基金,49499200.0,49499200.0
2021-02-10,民生加银沪深300ETF,sh515350,6.239,6.245,6.416,6.245,6.395,2181171.0,13774401.0,1.5899,6.3959,1.5899045265,4.4880800507004,股票型基金,规模指数股票型基金,48599200.0,48599200.0
2021-02-18,民生加银沪深300ETF,sh515350,6.395,6.425,6.586,6.313,6.348,1719600.0,11046077.0,1.5795,6.354,1.5794889478,3.538329849051,股票型基金,规模指数股票型基金,48599200.0,48599200.0
2021-02-19,民生加银沪深300ETF,sh515350,6.348,6.33,6.378,6.254,6.367,2971239.0,18786871.0,1.5822,6.3651,1.5822482061,6.1137611318705,股票型基金,规模指数股票型基金,48599200.0,48599200.0
2021-02-22,民生加银沪深300ETF,sh515350,6.367,6.457,6.457,6.17,6.17,2372100.0,14846942.0,1.5334,6.1684,1.5333521602,4.880944542297,股票型基金,规模指数股票型基金,48599200.0,48599200.0
2021-02-23,民生加银沪深300ETF,sh515350,6.17,6.14,6.207,6.128,6.134,2216014.0,13682980.0,1.529,6.1509,1.5290019781,4.5597746464962,股票型基金,规模指数股票型基金,48599200.0,48599200.0
2021-02-24,民生加银沪深300ETF,sh515350,6.134,6.15,6.68,5.94,5.988,1678896.0,10252606.0,1.4904,5.9956,1.4903972199,3.4545753839569,股票型基金,规模指数股票型基金,48599200.0,48599200.0
2021-02-25,民生加银沪深300ETF,sh515350,5.988,5.994,6.09,5.994,6.02,2434200.0,14718745.0,1.5001,6.0345,1.5000670531,5.0087244234473,股票型基金,规模指数股票型基金,48599200.0,48599200.0
2021-02-26,民生加银沪深300ETF,sh515350,6.02,5.942,5.97,5.873,5.876,2105285.0,12447993.0,1.4643,5.8908,1.4643458442,4.253169748198,股票型基金,规模指数股票型基金,49499200.0,49499200.0
2021-03-01,民生加银沪深300ETF,sh515350,5.876,5.882,6.004,5.882,5.993,1969000.0,11722082.0,1.4867,5.9808,1.4867182089,4.0515070206917,股票型基金,规模指数股票型基金,48599200.0,48599200.0
2021-03-02,民生加银沪深300ETF,sh515350,5.993,5.998,6.004,5.843,5.898,1477600.0,8755334.0,1.4677,5.9041,1.4676519825,3.0403792655023,股票型基金,规模指数股票型基金,48599200.0,48599200.0
2021-03-03,民生加银沪深300ETF,sh515350,5.898,5.875,5.998,5.875,5.998,733100.0,4357636.0,1.4975,6.0243,1.4975315185,1.5084610446262,股票型基金,规模指数股票型基金,48599200.0,48599200.0
2021-03-04,民生加银沪深300ETF,sh515350,5.998,5.991,5.991,5.816,5.845,688100.0,4054572.0,1.4509,5.8369,1.4509472835,1.4158669278507,股票型基金,规模指数股票型基金,48599200.0,48599200.0
2021-03-05,民生加银沪深300ETF,sh515350,5.845,5.839,5.87,5.732,5.823,2102100.0,12215902.0,1.4462,5.8179,1.4462242288,4.2467353007725,股票型基金,规模指数股票型基金,49499200.0,49499200.0
2021-03-08,民生加银沪深300ETF,sh515350,5.823,5.829,5.884,5.618,5.629,2884602.0,16710378.0,1.3966,5.6182,1.3965824373,5.8275729708763,股票型基金,规模指数股票型基金,49499200.0,49499200.0
2021-03-09,民生加银沪深300ETF,sh515350,5.629,5.629,5.631,5.461,5.521,3823590.0,21217965.0,1.3676,5.5015,1.3675729377,7.5866085175955,股票型基金,规模指数股票型基金,50399200.0,50399200.0
2021-03-10,民生加银沪深300ETF,sh515350,5.521,5.527,5.594,5.527,5.535,2108800.0,11724333.0,1.3764,5.5371,1.3764224509,4.1841933998952,股票型基金,规模指数股票型基金,50399200.0,50399200.0
2021-03-11,民生加银沪深300ETF,sh515350,5.535,5.536,5.671,5.536,5.67,3057071.0,17221899.0,1.4116,5.6788,1.4116464962,6.0657133446563,股票型基金,规模指数股票型基金,50399200.0,50399200.0
2021-03-12,民生加银沪深300ETF,sh515350,5.67,5.674,5.692,5.618,5.656,2930500.0,16588118.0,1.4168,5.6997,1.4168418565,5.920297701781,股票型基金,规模指数股票型基金,49499200.0,49499200.0
2021-03-15,民生加银沪深300ETF,sh515350,5.656,5.65,5.656,5.527,5.585,1257500.0,7032470.0,1.3864,5.5772,1.3863905823,2.5404450981026,股票型基金,规模指数股票型基金,49499200.0,49499200.0
2021-03-16,民生加银沪深300ETF,sh515350,5.585,5.591,5.632,5.573,5.61,1203700.0,6749739.0,1.3985,5.6261,1.3985462338,2.4317564728319,股票型基金,规模指数股票型基金,49499200.0,49499200.0
2021-03-17,民生加银沪深300ETF,sh515350,5.61,5.584,5.663,5.558,5.635,1369600.0,7674513.0,1.405,5.652,1.4049845032,2.7669134046611,股票型基金,规模指数股票型基金,49499200.0,49499200.0
2021-03-18,民生加银沪深300ETF,sh515350,5.635,5.641,5.7,5.641,5.68,3014500.0,17124548.0,1.4172,5.7013,1.4172395874,6.2027770004445,股票型基金,规模指数股票型基金,48599200.0,48599200.0
2021-03-19,民生加银沪深300ETF,sh515350,5.68,5.612,5.628,5.525,5.558,1643300.0,9201803.0,1.3805,5.5537,1.3805489093,3.3813313799404,股票型基金,规模指数股票型基金,48599200.0,48599200.0
2021-03-22,民生加银沪深300ETF,sh515350,5.558,5.553,5.619,5.528,5.588,2042000.0,11414343.0,1.3943,5.6091,1.3943203427,4.2017152545721,股票型基金,规模指数股票型基金,48599200.0,48599200.0
2021-03-23,民生加银沪深300ETF,sh515350,5.588,5.598,5.6,5.505,5.566,1901100.0,10552324.0,1.3817,5.5585,1.3817421021,3.9117927867125,股票型基金,规模指数股票型基金,48599200.0,48599200.0
2021-03-24,民生加银沪深300ETF,sh515350,5.566,5.56,5.579,5.465,5.48,2435357.0,13447775.0,1.3607,5.4737,1.3606623629,5.011105121072,股票型基金,规模指数股票型基金,48599200.0,48599200.0
2021-03-25,民生加银沪深300ETF,sh515350,5.48,5.475,5.502,5.437,5.482,1298400.0,7094259.0,1.3601,5.4716,1.360140341,2.6716489160315,股票型基金,规模指数股票型基金,48599200.0,48599200.0
2021-03-26,民生加银沪深300ETF,sh515350,5.482,5.509,5.604,5.509,5.582,1402700.0,7809254.0,1.3907,5.5946,1.3907159061,2.886261502247,股票型基金,规模指数股票型基金,48599200.0,48599200.0
2021-03-29,民生加银沪深300ETF,sh515350,5.582,5.6,5.631,5.564,5.601,3042900.0,17058126.0,1.3943,5.6091,1.3943203427,6.5020342228072,股票型基金,规模指数股票型基金,46799200.0,46799200.0
2021-03-30,民生加银沪深300ETF,sh515350,5.601,5.596,5.676,5.583,5.647,2138728.0,12033546.0,1.4082,5.6648,1.4081663506,4.6596193397706,股票型基金,规模指数股票型基金,45899200.0,45899200.0
2021-03-31,民生加银沪深300ETF,sh515350,5.647,5.647,5.647,5.576,5.611,2421100.0,13542799.0,1.3956,5.6142,1.39558811,5.3803178723177,股票型基金,规模指数股票型基金,44999200.0,44999200.0
2021-04-01,民生加银沪深300ETF,sh515350,5.611,5.617,5.704,5.617,5.68,1232400.0,6974310.0,1.413,5.6842,1.4129888381,2.7387153549396,股票型基金,规模指数股票型基金,44999200.0,44999200.0
2021-04-02,民生加银沪深300ETF,sh515350,5.68,5.686,5.756,5.686,5.74,4923600.0,28171465.0,1.4271,5.7408,1.4270585697,11.639936452699,股票型基金,规模指数股票型基金,42299200.0,42299200.0
2021-04-06,民生加银沪深300ETF,sh515350,5.74,5.742,5.756,5.684,5.708,1469500.0,8388643.0,1.4216,5.7189,1.4216146276,3.5495854992367,股票型基金,规模指数股票型基金,41399200.0,41399200.0
2021-04-07,民生加银沪深300ETF,sh515350,5.708,5.714,5.714,5.614,5.678,2564648.0,14467737.0,1.4115,5.6781,1.4114724889,6.6271344110473,股票型基金,规模指数股票型基金,38699200.0,38699200.0
2021-04-08,民生加银沪深300ETF,sh515350,5.678,5.672,5.699,5.628,5.686,1382448.0,7822049.0,1.4146,5.6905,1.4145549036,3.6573472454443,股票型基金,规模指数股票型基金,37799200.0,37799200.0
2021-04-09,民生加银沪深300ETF,sh515350,5.686,5.676,5.676,5.592,5.605,1111800.0,6244389.0,1.3956,5.6141,1.3955632518,2.8729276057386,股票型基金,规模指数股票型基金,38699200.0,38699200.0
2021-04-12,民生加银沪深300ETF,sh515350,5.605,5.599,5.627,5.511,5.528,1951857.0,10842813.0,1.3715,5.5173,1.3715005307,5.0436624012899,股票型基金,规模指数股票型基金,38699200.0,38699200.0
2021-04-13,民生加银沪深300ETF,sh515350,5.528,5.529,5.556,5.5,5.517,1241700.0,6853722.0,1.3699,5.5107,1.3698598906,3.2085934592963,股票型基金,规模指数股票型基金,38699200.0,38699200.0
2021-04-14,民生加银沪深300ETF,sh515350,5.517,5.523,5.568,5.516,5.547,2055000.0,11394080.0,1.3813,5.5569,1.3813443711,5.3101872906933,股票型基金,规模指数股票型基金,38699200.0,38699200.0
2021-04-15,民生加银沪深300ETF,sh515350,5.547,5.528,5.541,5.465,5.54,2443100.0,13452373.0,1.3754,5.533,1.3754032654,6.4633643040064,股票型基金,规模指数股票型基金,37799200.0,37799200.0
2021-04-16,民生加银沪深300ETF,sh515350,5.54,5.552,5.572,5.512,5.566,1663800.0,9218874.0,1.3804,5.5532,1.3804246184,4.4016804588457,股票型基金,规模指数股票型基金,37799200.0,37799200.0
2021-04-19,民生加银沪深300ETF,sh515350,5.566,5.56,5.7,5.521,5.688,1064100.0,5977743.0,1.4148,5.6914,1.4147786273,2.7496692438087,股票型基金,规模指数股票型基金,38699200.0,38699200.0
2021-04-20,民生加银沪深300ETF,sh515350,5.688,5.682,5.717,5.675,5.692,854400.0,4865086.0,1.4143,5.6893,1.4142566054,2.2077975772109,股票型基金,规模指数股票型基金,38699200.0,38699200.0
2021-04-21,民生加银沪深300ETF,sh515350,5.692,5.69,5.71,5.656,5.7,1255100.0,7137677.0,1.4188,5.7076,1.4188056529,3.2432194980775,股票型基金,规模指数股票型基金,38699200.0,38699200.0
2021-04-22,民生加银沪深300ETF,sh515350,5.7,5.75,5.752,5.676,5.692,2051357.0,11673990.0,1.4176,5.7026,1.4175627438,5.4269852272006,股票型基金,规模指数股票型基金,37799200.0,37799200.0
2021-04-23,民生加银沪深300ETF,sh515350,5.692,5.698,5.772,5.696,5.754,1404800.0,8048405.0,1.4304,5.7541,1.430364708,3.7164807720798,股票型基金,规模指数股票型基金,37799200.0,37799200.0
2021-04-26,民生加银沪深300ETF,sh515350,5.754,5.75,5.818,5.676,5.688,2009587.0,11542248.0,1.4164,5.6981,1.4164441255,5.3164802429681,股票型基金,规模指数股票型基金,37799200.0,37799200.0
2021-04-27,民生加银沪深300ETF,sh515350,5.688,5.694,5.712,5.67,5.704,1526200.0,8676770.0,1.4206,5.7147,1.4205705839,4.0376515905099,股票型基金,规模指数股票型基金,37799200.0,37799200.0
2021-04-28,民生加银沪深300ETF,sh515350,5.704,5.698,5.728,5.668,5.724,1590700.0,9046500.0,1.43,5.7525,1.4299669771,4.2082901225423,股票型基金,规模指数股票型基金,37799200.0,37799200.0
2021-04-29,民生加银沪深300ETF,sh515350,5.724,5.759,5.823,5.751,5.816,822200.0,4762881.0,1.4427,5.8036,1.4426695086,2.1245917228263,股票型基金,规模指数股票型基金,38699200.0,38699200.0
2021-04-30,民生加银沪深300ETF,sh515350,5.816,5.81,5.81,5.724,5.763,1920000.0,11071386.0,1.432,5.7607,1.4320053481,4.9613428701369,股票型基金,规模指数股票型基金,38699200.0,38699200.0
2021-05-06,民生加银沪深300ETF,sh515350,5.763,5.756,5.776,5.669,5.697,1360100.0,7793100.0,1.4152,5.6931,1.4152012164,3.5145429362881,股票型基金,规模指数股票型基金,38699200.0,38699200.0
2021-05-07,民生加银沪深300ETF,sh515350,5.697,5.706,5.73,5.62,5.634,2178300.0,12390618.0,1.3973,5.6209,1.3972536082,5.6287985281349,股票型基金,规模指数股票型基金,38699200.0,38699200.0
2021-05-10,民生加银沪深300ETF,sh515350,5.634,5.624,5.652,5.581,5.616,2063573.0,11572460.0,1.3964,5.6176,1.3964332882,5.2111482050142,股票型基金,规模指数股票型基金,39599200.0,39599200.0
2021-05-11,民生加银沪深300ETF,sh515350,5.616,5.588,5.667,5.552,5.651,2470500.0,13857514.0,1.4053,5.6534,1.4053325177,6.2387623992404,股票型基金,规模指数股票型基金,39599200.0,39599200.0
2021-05-12,民生加银沪深300ETF,sh515350,5.651,5.646,5.686,5.62,5.686,1887600.0,10668506.0,1.4118,5.6793,1.4117707871,4.7667629649084,股票型基金,规模指数股票型基金,39599200.0,39599200.0
2021-05-13,民生加银沪深300ETF,sh515350,5.686,5.658,5.658,5.6,5.633,2774700.0,15603282.0,1.3982,5.6247,1.3981982192,7.0069597365603,股票型基金,规模指数股票型基金,39599200.0,39599200.0
2021-05-14,民生加银沪深300ETF,sh515350,5.633,5.647,5.767,5.631,5.767,1629800.0,9295993.0,1.4311,5.757,1.4310855953,4.1157397119134,股票型基金,规模指数股票型基金,39599200.0,39599200.0
2021-05-17,民生加银沪深300ETF,sh515350,5.767,5.772,5.859,5.772,5.844,2909500.0,16994019.0,1.4526,5.8434,1.4525630654,7.1840925252844,股票型基金,规模指数股票型基金,40499200.0,40499200.0
2021-05-18,民生加银沪深300ETF,sh515350,5.844,5.849,5.862,5.82,5.844,1934000.0,11288999.0,1.4539,5.8489,1.4539302655,4.7754029709229,股票型基金,规模指数股票型基金,40499200.0,40499200.0
2021-05-19,民生加银沪深300ETF,sh515350,5.844,5.825,5.852,5.808,5.831,1085042.0,6325039.0,1.4504,5.8348,1.4504252617,2.5651596247683,股票型基金,规模指数股票型基金,42299200.0,42299200.0
2021-05-20,民生加银沪深300ETF,sh515350,5.831,5.835,5.858,5.809,5.848,1755100.0,10241503.0,1.4566,5.8597,1.4566149493,4.1492510496652,股票型基金,规模指数股票型基金,42299200.0,42299200.0
2021-05-21,民生加银沪深300ETF,sh515350,5.848,5.886,5.89,5.795,5.803,3416400.0,19941669.0,1.4437,5.8078,1.4437135523,8.0767484964255,股票型基金,规模指数股票型基金,42299200.0,42299200.0
2021-05-24,民生加银沪深300ETF,sh515350,5.803,5.797,5.826,5.762,5.826,1112371.0,6453427.0,1.4501,5.8333,1.4500523889,2.6297684116957,股票型基金,规模指数股票型基金,42299200.0,42299200.0
2021-05-25,民生加银沪深300ETF,sh515350,5.826,5.826,6.04,5.826,6.04,1753922.0,10399410.0,1.4958,6.0172,1.4957665875,4.146466127019,股票型基金,规模指数股票型基金,42299200.0,42299200.0
2021-05-26,民生加银沪深300ETF,sh515350,6.04,6.035,6.048,6.008,6.02,1566500.0,9440721.0,1.4969,6.0217,1.4968852057,3.2841221655709,股票型基金,规模指数股票型基金,47699200.0,47699200.0
2021-05-27,民生加银沪深300ETF,sh515350,6.02,6.016,6.099,5.998,6.051,1238200.0,7458224.0,1.5019,6.0419,1.5019065587,2.4136828644501,股票型基金,规模指数股票型基金,51299200.0,51299200.0
2021-05-28,民生加银沪深300ETF,sh515350,6.051,6.036,6.075,6.004,6.024,1211100.0,7306203.0,1.498,6.026,1.4979541076,2.3608555299108,股票型基金,规模指数股票型基金,51299200.0,51299200.0
2021-05-31,民生加银沪深300ETF,sh515350,6.024,6.039,6.039,5.991,6.027,1052100.0,6320284.0,1.5012,6.0392,1.5012353877,2.0155481310058,股票型基金,规模指数股票型基金,52199200.0,52199200.0
2021-06-01,民生加银沪深300ETF,sh515350,6.027,6.022,6.048,5.963,6.046,1102400.0,6618121.0,1.5042,6.0513,1.5042432279,2.1119097610691,股票型基金,规模指数股票型基金,52199200.0,52199200.0
2021-06-02,民生加银沪深300ETF,sh515350,6.046,6.046,6.046,5.97,5.993,1930600.0,11575387.0,1.491,5.9979,1.4909689582,3.6985241153121,股票型基金,规模指数股票型基金,52199200.0,52199200.0
2021-06-03,民生加银沪深300ETF,sh515350,5.993,5.99,6.023,5.949,5.949,1075800.0,6441973.0,1.4825,5.9639,1.4825171759,2.0609511256877,股票型基金,规模指数股票型基金,52199200.0,52199200.0
2021-06-04,民生加银沪深300ETF,sh515350,5.949,5.949,6.058,5.932,5.997,1849000.0,11071322.0,1.4906,5.9965,1.4906209436,3.5421998804579,股票型基金,规模指数股票型基金,52199200.0,52199200.0
2021-06-07,民生加银沪深300ETF,sh515350,5.997,6.003,6.003,5.95,5.992,408500.0,2438751.0,1.4907,5.9969,1.4907203763,0.78257904335699,股票型基金,规模指数股票型基金,52199200.0,52199200.0
2021-06-08,民生加银沪深300ETF,sh515350,5.992,5.987,6.047,5.915,5.936,1577700.0,9447821.0,1.4803,5.9551,1.4803296558,3.0224601143313,股票型基金,规模指数股票型基金,52199200.0,52199200.0
2021-06-09,民生加银沪深300ETF,sh515350,5.936,5.94,5.972,5.935,5.955,1744400.0,10388008.0,1.4824,5.9635,1.4824177432,3.3418136676424,股票型基金,规模指数股票型基金,52199200.0,52199200.0
2021-06-10,民生加银沪深300ETF,sh515350,5.955,5.968,6.032,5.968,5.996,1551100.0,9305353.0,1.4925,6.004,1.4924853073,2.9715014789499,股票型基金,规模指数股票型基金,52199200.0,52199200.0
2021-06-11,民生加银沪深300ETF,sh515350,5.996,5.996,6.012,5.942,5.944,1663900.0,9949687.0,1.4795,5.9519,1.479534194,3.1875967447777,股票型基金,规模指数股票型基金,52199200.0,52199200.0
2021-06-15,民生加银沪深300ETF,sh515350,5.944,5.94,5.944,5.857,5.893,2889400.0,17100790.0,1.4633,5.8864,1.4632520841,5.5353338748487,股票型基金,规模指数股票型基金,52199200.0,52199200.0
2021-06-16,民生加银沪深300ETF,sh515350,5.893,5.876,5.879,5.782,5.805,2133300.0,12484541.0,1.4398,5.7921,1.4398108175,4.0868442428236,股票型基金,规模指数股票型基金,52199200.0,52199200.0
2021-06-17,民生加银沪深300ETF,sh515350,5.805,5.802,5.84,5.796,5.815,2099400.0,12202282.0,1.4477,5.8239,1.4477157197,4.021900718785,股票型基金,规模指数股票型基金,52199200.0,52199200.0
2021-06-18,民生加银沪深300ETF,sh515350,5.815,5.816,5.854,5.78,5.824,1642871.0,9567358.0,1.4486,5.8275,1.4486106143,3.1473106867538,股票型基金,规模指数股票型基金,52199200.0,52199200.0
2021-06-21,民生加银沪深300ETF,sh515350,5.824,5.82,5.855,5.787,5.819,1794300.0,10430195.0,1.4458,5.8162,1.4458016396,3.4374090024368,股票型基金,规模指数股票型基金,52199200.0,52199200.0
2021-06-22,民生加银沪深300ETF,sh515350,5.819,5.824,5.856,5.807,5.845,1279500.0,7464883.0,1.4561,5.8577,1.4561177856,2.4511869913715,股票型基金,规模指数股票型基金,52199200.0,52199200.0
2021-06-23,民生加银沪深300ETF,sh515350,5.845,5.864,5.916,5.846,5.88,1853600.0,10926398.0,1.4654,5.895,1.4653898879,3.5510122760502,股票型基金,规模指数股票型基金,52199200.0,52199200.0
2021-06-24,民生加银沪深300ETF,sh515350,5.88,5.9,5.912,5.869,5.912,1189558.0,7014189.0,1.468,5.9053,1.4679502807,2.2788816686846,股票型基金,规模指数股票型基金,52199200.0,52199200.0
2021-06-25,民生加银沪深300ETF,sh515350,5.912,5.917,6.032,5.917,6.013,1665100.0,9943948.0,1.4937,6.009,1.4937282165,3.1898956305844,股票型基金,规模指数股票型基金,52199200.0,52199200.0
2021-06-28,民生加银沪深300ETF,sh515350,6.013,6.008,6.024,5.988,6.013,1420600.0,8532710.0,1.4972,6.0228,1.4971586457,2.7214976474735,股票型基金,规模指数股票型基金,52199200.0,52199200.0
2021-06-29,民生加银沪深300ETF,sh515350,6.013,6.005,6.005,5.95,5.958,572800.0,3416455.0,1.4815,5.9599,1.4815228486,1.0973348250548,股票型基金,规模指数股票型基金,52199200.0,52199200.0
2021-06-30,民生加银沪深300ETF,sh515350,5.958,5.968,6.001,5.962,5.99,773900.0,4623181.0,1.4932,6.007,1.4932310528,1.4825897714908,股票型基金,规模指数股票型基金,52199186.0,52199200.0
2021-07-01,民生加银沪深300ETF,sh515350,5.99,6.04,6.056,5.95,5.986,3609200.0,21634369.0,1.4957,6.0168,1.4956671547,7.035587299607,股票型基金,规模指数股票型基金,51299200.0,51299200.0
2021-07-02,民生加银沪深300ETF,sh515350,5.986,5.981,5.981,5.846,5.85,1044329.0,6144348.0,1.4539,5.8489,1.4539302655,2.0357607915913,股票型基金,规模指数股票型基金,51299200.0,51299200.0
2021-07-05,民生加银沪深300ETF,sh515350,5.85,5.842,5.855,5.812,5.847,719000.0,4196816.0,1.4554,5.8549,1.4554217565,1.4015813112095,股票型基金,规模指数股票型基金,51299200.0,51299200.0
2021-07-06,民生加银沪深300ETF,sh515350,5.847,5.847,5.86,5.8,5.855,1714600.0,9997587.0,1.4557,5.8562,1.4557449128,3.3423523173851,股票型基金,规模指数股票型基金,51299200.0,51299200.0
2021-07-07,民生加银沪深300ETF,sh515350,5.855,5.863,5.94,5.838,5.914,2273658.0,13418275.0,1.4728,5.9247,1.4727727682,4.3557334212019,股票型基金,规模指数股票型基金,52199200.0,52199200.0
2021-07-08,民生加银沪深300ETF,sh515350,5.914,5.919,5.931,5.86,5.881,1611800.0,9490244.0,1.4595,5.8712,1.4594736403,3.0877867860044,股票型基金,规模指数股票型基金,52199200.0,52199200.0
2021-07-09,民生加银沪深300ETF,sh515350,5.881,5.877,5.877,5.795,5.858,1936900.0,11301669.0,1.4568,5.8605,1.4568138147,3.7105932657972,股票型基金,规模指数股票型基金,52199200.0,52199200.0
2021-07-12,民生加银沪深300ETF,sh515350,5.858,5.863,5.958,5.863,5.913,2749845.0,16277040.0,1.4753,5.9348,1.4752834447,5.2679830342227,股票型基金,规模指数股票型基金,52199200.0,52199200.0
2021-07-13,民生加银沪深300ETF,sh515350,5.913,5.934,5.966,5.922,5.939,1585700.0,9424180.0,1.4805,5.9558,1.4805036631,3.0377860197091,股票型基金,规模指数股票型基金,52199200.0,52199200.0
2021-07-14,民生加银沪深300ETF,sh515350,5.939,5.948,5.948,5.873,5.889,2630000.0,15520440.0,1.4639,5.8889,1.4638735387,5.0383913929715,股票型基金,规模指数股票型基金,52199200.0,52199200.0
2021-07-15,民生加银沪深300ETF,sh515350,5.889,5.888,5.968,5.88,5.965,2219848.0,13131757.0,1.4849,5.9733,1.4848538451,4.252647550154,股票型基金,规模指数股票型基金,52199200.0,52199200.0
2021-07-16,民生加银沪深300ETF,sh515350,5.965,5.96,5.963,5.905,5.907,471900.0,2803037.0,1.4697,5.9125,1.4697400699,0.90403684347653,股票型基金,规模指数股票型基金,52199200.0,52199200.0
2021-07-19,民生加银沪深300ETF,sh515350,5.907,5.914,5.953,5.855,5.938,2480300.0,14644848.0,1.4756,5.9359,1.4755568847,4.5932161957955,股票型基金,规模指数股票型基金,53999200.0,53999200.0
2021-07-20,民生加银沪深300ETF,sh515350,5.938,5.826,5.938,5.826,5.931,1745400.0,10317144.0,1.4748,5.9327,1.4747614228,3.2322701077053,股票型基金,规模指数股票型基金,53999200.0,53999200.0
2021-07-21,民生加银沪深300ETF,sh515350,5.931,5.926,5.988,5.926,5.965,1914137.0,11425922.0,1.4855,5.976,1.4855250161,3.5447506629728,股票型基金,规模指数股票型基金,53999200.0,53999200.0
2021-07-22,民生加银沪深300ETF,sh515350,5.965,5.973,5.996,5.965,5.972,2821822.0,16866678.0,1.4898,5.9933,1.4898254817,5.2256737136846,股票型基金,规模指数股票型基金,53999200.0,53999200.0
2021-07-23,民生加银沪深300ETF,sh515350,5.972,5.977,5.977,5.91,5.929,3615200.0,21440581.0,1.4742,5.9303,1.4741648264,6.6949139987259,股票型基金,规模指数股票型基金,53999200.0,53999200.0
2021-07-26,民生加银沪深300ETF,sh515350,5.929,5.924,5.924,5.673,5.73,3757600.0,21711347.0,1.4279,5.7443,1.4279286061,6.958621609209,股票型基金,规模指数股票型基金,53999200.0,53999200.0
2021-07-27,民生加银沪深300ETF,sh515350,5.73,5.734,5.748,5.545,5.558,2287400.0,13005221.0,1.3789,5.547,1.378883411,4.2359886813138,股票型基金,规模指数股票型基金,53999200.0,53999200.0
2021-07-28,民生加银沪深300ETF,sh515350,5.558,5.544,5.683,5.466,5.561,2291100.0,12640405.0,1.3823,5.5607,1.3822889821,4.2428406346761,股票型基金,规模指数股票型基金,53999200.0,53999200.0
2021-07-29,民生加银沪深300ETF,sh515350,5.561,5.566,5.664,5.566,5.66,2456100.0,13822003.0,1.4091,5.6686,1.4091109615,4.5484007170477,股票型基金,规模指数股票型基金,53999200.0,53999200.0
2021-07-30,民生加银沪深300ETF,sh515350,5.66,5.6,5.634,5.557,5.615,1209500.0,6786602.0,1.3995,5.6298,1.3994659865,2.2398479977481,股票型基金,规模指数股票型基金,53999200.0,53999200.0
2021-08-02,民生加银沪深300ETF,sh515350,5.615,5.615,5.782,5.573,5.774,2068700.0,11745577.0,1.4346,5.7711,1.4345905991,3.8309826812249,股票型基金,规模指数股票型基金,53999200.0,53999200.0
2021-08-03,民生加银沪深300ETF,sh515350,5.774,5.75,5.795,5.58,5.79,3020300.0,17353868.0,1.435,5.7726,1.4349634719,5.6880329647151,股票型基金,规模指数股票型基金,53099200.0,53099200.0
2021-08-04,民生加银沪深300ETF,sh515350,5.79,5.79,5.817,5.753,5.805,733600.0,4229500.0,1.4505,5.8353,1.4505495526,1.3815650706602,股票型基金,规模指数股票型基金,53099200.0,53099200.0
2021-08-05,民生加银沪深300ETF,sh515350,5.805,5.8,5.822,5.749,5.79,1529500.0,8851852.0,1.4432,5.8056,1.4431666722,3.0347703931808,股票型基金,规模指数股票型基金,50399200.0,50399200.0
2021-08-06,民生加银沪深300ETF,sh515350,5.79,5.795,5.795,5.729,5.788,1071600.0,6154269.0,1.4358,5.7759,1.4357837919,2.1262242257814,股票型基金,规模指数股票型基金,50399200.0,50399200.0
2021-08-09,民生加银沪深300ETF,sh515350,5.788,5.77,5.85,5.733,5.841,2861785.0,16604987.0,1.4538,5.8484,1.4538059746,5.7814772764004,股票型基金,规模指数股票型基金,49499200.0,49499200.0
2021-08-10,民生加银沪深300ETF,sh515350,5.841,5.841,5.928,5.788,5.9,4070957.0,23782046.0,1.4701,5.9139,1.4700880844,8.5346441869046,股票型基金,规模指数股票型基金,47699200.0,47699200.0
2021-08-11,民生加银沪深300ETF,sh515350,5.9,5.9,5.917,5.856,5.886,3198057.0,18866710.0,1.4637,5.8881,1.4636746732,7.1069196785721,股票型基金,规模指数股票型基金,44999200.0,44999200.0
2021-08-12,民生加银沪深300ETF,sh515350,5.886,5.829,5.869,5.825,5.838,1474000.0,8604178.0,1.4525,5.843,1.4524636327,3.2756137886896,股票型基金,规模指数股票型基金,44999200.0,44999200.0
2021-08-13,民生加银沪深300ETF,sh515350,5.838,5.833,5.864,5.78,5.811,1159600.0,6753997.0,1.4458,5.8162,1.4458016396,2.5769347010614,股票型基金,规模指数股票型基金,44999200.0,44999200.0
2021-08-16,民生加银沪深300ETF,sh515350,5.811,5.816,5.847,5.802,5.824,4404900.0,25625423.0,1.4446,5.8115,1.444633305,10.196716605863,股票型基金,规模指数股票型基金,43199200.0,43199200.0
2021-08-17,民生加银沪深300ETF,sh515350,5.824,5.825,5.843,5.676,5.69,3727400.0,21499041.0,1.4162,5.697,1.4161706855,8.6284005259357,股票型基金,规模指数股票型基金,43199200.0,43199200.0
2021-08-18,民生加银沪深300ETF,sh515350,5.69,5.701,5.775,5.681,5.745,5860242.0,33550085.0,1.4339,5.7683,1.43389457,13.5656262153,股票型基金,规模指数股票型基金,43199200.0,43199200.0
2021-08-19,民生加银沪深300ETF,sh515350,5.745,5.75,5.755,5.687,5.702,7625300.0,43702533.0,1.425,5.7327,1.4250450568,18.828273151075,股票型基金,规模指数股票型基金,40499200.0,40499200.0
2021-08-20,民生加银沪深300ETF,sh515350,5.702,5.702,5.702,5.561,5.613,3830439.0,21557939.0,1.3987,5.6266,1.3986705247,9.8979798032001,股票型基金,规模指数股票型基金,38699200.0,38699200.0
2021-08-23,民生加银沪深300ETF,sh515350,5.613,5.618,5.707,5.618,5.694,1945400.0,11042723.0,1.4194,5.7098,1.4193525329,5.0269773018564,股票型基金,规模指数股票型基金,38699200.0,38699200.0
2021-08-24,民生加银沪深300ETF,sh515350,5.694,5.705,5.79,5.705,5.768,2476600.0,14248885.0,1.4348,5.7719,1.4347894646,6.3996154959276,股票型基金,规模指数股票型基金,38699200.0,38699200.0
2021-08-25,民生加银沪深300ETF,sh515350,5.768,5.768,5.778,5.743,5.772,3047948.0,17561290.0,1.4382,5.7857,1.4382198938,8.4667103713416,股票型基金,规模指数股票型基金,35999200.0,35999200.0
2021-08-26,民生加银沪深300ETF,sh515350,5.772,5.76,5.76,5.672,5.672,2748200.0,15674322.0,1.4107,5.675,1.4107018853,7.6340585346341,股票型基金,规模指数股票型基金,35999200.0,35999200.0
2021-08-27,民生加银沪深300ETF,sh515350,5.672,5.68,5.748,5.68,5.702,2690800.0,15342474.0,1.4181,5.7047,1.4180847656,7.474610546901,股票型基金,规模指数股票型基金,35999200.0,35999200.0
2021-08-30,民生加银沪深300ETF,sh515350,5.702,5.71,5.721,5.64,5.677,4338500.0,24599779.0,1.4142,5.6889,1.4141571727,12.360680585312,股票型基金,规模指数股票型基金,35099200.0,35099200.0
2021-08-31,民生加银沪深300ETF,sh515350,5.677,5.677,5.702,5.594,5.674,2083000.0,11796204.0,1.4121,5.6805,1.4120690853,5.7862396942154,股票型基金,规模指数股票型基金,35999200.0,35999200.0
2021-09-01,民生加银沪深300ETF,sh515350,5.674,5.647,5.809,5.633,5.749,4020500.0,22947259.0,1.4311,5.7571,1.4311104535,11.168303740083,股票型基金,规模指数股票型基金,35999200.0,35999200.0
2021-09-02,民生加银沪深300ETF,sh515350,5.749,5.746,5.772,5.726,5.752,2980200.0,17119185.0,1.4314,5.7584,1.4314336099,8.2785173003845,股票型基金,规模指数股票型基金,35999200.0,35999200.0
2021-09-03,民生加银沪深300ETF,sh515350,5.752,5.752,5.784,5.717,5.735,2500700.0,14385571.0,1.4237,5.7271,1.4236529986,6.4618906850788,股票型基金,规模指数股票型基金,38699200.0,38699200.0
2021-09-06,民生加银沪深300ETF,sh515350,5.735,5.727,5.834,5.724,5.821,3396500.0,19693725.0,1.4508,5.8363,1.4507981344,8.776667217927,股票型基金,规模指数股票型基金,38699200.0,38699200.0
2021-09-07,民生加银沪深300ETF,sh515350,5.821,5.816,5.922,5.8,5.901,4445848.0,26004247.0,1.4688,5.9089,1.4688451753,11.761751571462,股票型基金,规模指数股票型基金,37799200.0,37799200.0
2021-09-08,民生加银沪深300ETF,sh515350,5.901,5.902,5.93,5.859,5.869,3421100.0,20188242.0,1.4633,5.8864,1.4632520841,9.0507206501725,股票型基金,规模指数股票型基金,37799200.0,37799200.0
2021-09-09,民生加银沪深300ETF,sh515350,5.869,5.857,5.877,5.825,5.876,1945177.0,11398968.0,1.4639,5.889,1.4638983969,5.1460798112129,股票型基金,规模指数股票型基金,37799200.0,37799200.0
2021-09-10,民生加银沪深300ETF,sh515350,5.876,5.876,5.973,5.876,5.939,4944600.0,29332324.0,1.4771,5.942,1.4770732339,12.48661589123,股票型基金,规模指数股票型基金,39599200.0,39599200.0
2021-09-13,民生加银沪深300ETF,sh515350,5.939,5.945,5.957,5.881,5.906,4349144.0,25710055.0,1.4721,5.9218,1.4720518809,10.982908745631,股票型基金,规模指数股票型基金,39599200.0,39599200.0
2021-09-14,民生加银沪深300ETF,sh515350,5.906,5.905,5.933,5.817,5.849,5061743.0,29830910.0,1.452,5.8413,1.4520410436,12.78243752399,股票型基金,规模指数股票型基金,39599200.0,39599200.0
2021-09-15,民生加银沪深300ETF,sh515350,5.849,5.844,5.844,5.754,5.786,2687500.0,15589887.0,1.4377,5.7836,1.437697872,6.7867532677428,股票型基金,规模指数股票型基金,39599200.0,39599200.0
2021-09-16,民生加银沪深300ETF,sh515350,5.786,5.798,5.798,5.715,5.724,4469500.0,25726114.0,1.4206,5.7148,1.4205954421,11.28684417867,股票型基金,规模指数股票型基金,39599200.0,39599200.0
2021-09-17,民生加银沪深300ETF,sh515350,5.724,5.719,5.784,5.701,5.763,5035400.0,28855820.0,1.4351,5.7733,1.4351374791,12.715913452797,股票型基金,规模指数股票型基金,39599200.0,39599200.0
2021-09-22,民生加银沪深300ETF,sh515350,5.763,5.762,5.762,5.676,5.728,2333500.0,13343226.0,1.4255,5.7345,1.4254925041,5.8927958140568,股票型基金,规模指数股票型基金,39599200.0,39599200.0
2021-09-23,民生加银沪深300ETF,sh515350,5.728,5.733,5.797,5.733,5.763,4261100.0,24601840.0,1.4345,5.7708,1.4345160246,10.521442398862,股票型基金,规模指数股票型基金,40499200.0,40499200.0
2021-09-24,民生加银沪深300ETF,sh515350,5.763,5.763,5.822,5.753,5.78,2726600.0,15800379.0,1.4335,5.7669,1.4335465554,6.5861176061373,股票型基金,规模指数股票型基金,41399200.0,41399200.0
2021-09-27,民生加银沪深300ETF,sh515350,5.78,5.78,5.853,5.77,5.816,4339600.0,25224889.0,1.4419,5.8004,1.4418740467,10.482328160931,股票型基金,规模指数股票型基金,41399200.0,41399200.0
2021-09-28,民生加银沪深300ETF,sh515350,5.816,5.815,5.83,5.775,5.803,3687300.0,21379261.0,1.4437,5.8078,1.4437135523,8.9066938491565,股票型基金,规模指数股票型基金,41399200.0,41399200.0
2021-09-29,民生加银沪深300ETF,sh515350,5.803,5.803,5.803,5.71,5.767,4300800.0,24701405.0,1.429,5.7486,1.4289975079,10.388606543122,股票型基金,规模指数股票型基金,41399200.0,41399200.0
2021-09-30,民生加银沪深300ETF,sh515350,5.767,5.772,5.8,5.762,5.779,2604000.0,15045646.0,1.4388,5.7879,1.4387667739,6.1561447970647,股票型基金,规模指数股票型基金,42299186.0,42299200.0
2021-10-08,民生加银沪深300ETF,sh515350,5.779,5.784,5.871,5.784,5.868,5073600.0,29701176.0,1.4577,5.8641,1.4577087093,11.274867108749,股票型基金,规模指数股票型基金,44999200.0,44999200.0
2021-10-11,民生加银沪深300ETF,sh515350,5.868,5.848,5.925,5.844,5.873,2133600.0,12582664.0,1.4596,5.8717,1.4595979312,4.7414176252022,股票型基金,规模指数股票型基金,44999200.0,44999200.0
2021-10-12,民生加银沪深300ETF,sh515350,5.873,5.856,5.86,5.761,5.805,5281500.0,30682011.0,1.4442,5.8096,1.4441609996,11.072512746545,股票型基金,规模指数股票型基金,47699200.0,47699200.0
2021-10-13,民生加银沪深300ETF,sh515350,5.805,5.805,5.89,5.796,5.87,2776500.0,16213922.0,1.4611,5.8776,1.461064564,5.8208523413391,股票型基金,规模指数股票型基金,47699200.0,47699200.0
2021-10-14,民生加银沪深300ETF,sh515350,5.87,5.874,5.895,5.837,5.85,2032200.0,11912332.0,1.4535,5.847,1.45345796,4.2604488125587,股票型基金,规模指数股票型基金,47699200.0,47699200.0
2021-10-15,民生加银沪深300ETF,sh515350,5.85,5.846,5.882,5.808,5.875,2305600.0,13514033.0,1.4596,5.8716,1.459573073,4.8336240440091,股票型基金,规模指数股票型基金,47699200.0,47699200.0
2021-10-18,民生加银沪深300ETF,sh515350,5.875,5.858,5.858,5.753,5.793,2149658.0,12422044.0,1.443,5.8049,1.442992665,4.5066961290755,股票型基金,规模指数股票型基金,47699200.0,47699200.0
2021-10-19,民生加银沪深300ETF,sh515350,5.793,5.788,5.902,5.787,5.86,5215900.0,30563785.0,1.4571,5.8616,1.4570872547,10.537342017649,股票型基金,规模指数股票型基金,49499200.0,49499200.0
2021-10-20,民生加银沪深300ETF,sh515350,5.86,5.86,5.893,5.832,5.849,1709200.0,10012906.0,1.4536,5.8476,1.4536071091,3.3913236718043,股票型基金,规模指数股票型基金,50399200.0,50399200.0
2021-10-21,民生加银沪深300ETF,sh515350,5.849,5.854,5.888,5.821,5.857,2922104.0,17119705.0,1.4589,5.8687,1.4588521857,5.6961979913917,股票型基金,规模指数股票型基金,51299200.0,51299200.0
2021-10-22,民生加银沪深300ETF,sh515350,5.857,5.862,5.945,5.862,5.905,2027716.0,11969502.0,1.4685,5.9075,1.4684971607,3.9527244089576,股票型基金,规模指数股票型基金,51299200.0,51299200.0
2021-10-25,民生加银沪深300ETF,sh515350,5.905,5.9,5.925,5.878,5.919,1655956.0,9767342.0,1.4752,5.9343,1.4751591538,3.2280347451812,股票型基金,规模指数股票型基金,51299200.0,51299200.0
2021-10-26,民生加银沪深300ETF,sh515350,5.919,5.919,5.957,5.89,5.903,3481800.0,20608132.0,1.4706,5.9161,1.4706349645,6.9084429911586,股票型基金,规模指数股票型基金,50399200.0,50399200.0
2021-10-27,民生加银沪深300ETF,sh515350,5.903,5.879,5.879,5.808,5.827,2152100.0,12586606.0,1.4514,5.8389,1.4514444472,4.2701074620232,股票型基金,规模指数股票型基金,50399200.0,50399200.0
2021-10-28,民生加银沪深300ETF,sh515350,5.827,5.828,5.832,5.784,5.806,3202371.0,18623020.0,1.4411,5.7974,1.4411283012,6.3540115716122,股票型基金,规模指数股票型基金,50399200.0,50399200.0
2021-10-29,民生加银沪深300ETF,sh515350,5.806,5.813,5.839,5.792,5.837,2738429.0,15909825.0,1.4539,5.8488,1.4539054073,5.4334771186844,股票型基金,规模指数股票型基金,50399200.0,50399200.0
2021-11-01,民生加银沪深300ETF,sh515350,5.837,5.832,5.838,5.791,5.815,3270800.0,18998453.0,1.4491,5.8296,1.4491326362,6.4897855521516,股票型基金,规模指数股票型基金,50399200.0,50399200.0
2021-11-02,民生加银沪深300ETF,sh515350,5.815,5.818,5.849,5.72,5.758,3027100.0,17503518.0,1.4344,5.7702,1.4343668755,6.006246130891,股票型基金,规模指数股票型基金,50399200.0,50399200.0
2021-11-03,民生加银沪深300ETF,sh515350,5.758,5.763,5.785,5.726,5.735,1320600.0,7608285.0,1.4292,5.7493,1.4291715152,2.6202796869792,股票型基金,规模指数股票型基金,50399200.0,50399200.0
2021-11-04,民生加银沪深300ETF,sh515350,5.735,5.74,5.803,5.74,5.789,7646700.0,44248178.0,1.4433,5.806,1.443266105,16.031086475245,股票型基金,规模指数股票型基金,47699200.0,47699200.0
2021-11-05,民生加银沪深300ETF,sh515350,5.789,5.784,5.82,5.772,5.775,2538129.0,14714203.0,1.4356,5.775,1.4355600683,5.3211144002415,股票型基金,规模指数股票型基金,47699200.0,47699200.0
2021-11-08,民生加银沪深300ETF,sh515350,5.775,5.772,5.793,5.747,5.766,2005600.0,11561740.0,1.4374,5.7825,1.437424432,4.2046826781162,股票型基金,规模指数股票型基金,47699200.0,47699200.0
2021-11-09,民生加银沪深300ETF,sh515350,5.766,5.771,5.805,5.741,5.761,3152100.0,18162162.0,1.4371,5.7811,1.4370764174,6.8674399553805,股票型基金,规模指数股票型基金,45899200.0,45899200.0
2021-11-10,民生加银沪深300ETF,sh515350,5.761,5.761,5.761,5.668,5.739,4950046.0,28262251.0,1.43,5.7525,1.4299669771,11.458652012074,股票型基金,规模指数股票型基金,43199200.0,43199200.0
2021-11-11,民生加银沪深300ETF,sh515350,5.739,5.743,5.839,5.739,5.831,1518800.0,8797035.0,1.453,5.8453,1.4530353709,3.5158058482564,股票型基金,规模指数股票型基金,43199200.0,43199200.0
2021-11-12,民生加银沪深300ETF,sh515350,5.831,5.842,5.85,5.809,5.826,987500.0,5754149.0,1.4505,5.8351,1.4504998362,2.2859219615178,股票型基金,规模指数股票型基金,43199200.0,43199200.0
2021-11-15,民生加银沪深300ETF,sh515350,5.826,5.825,5.856,5.811,5.826,1637600.0,9542876.0,1.4485,5.8272,1.4485360398,3.7908109409434,股票型基金,规模指数股票型基金,43199200.0,43199200.0
2021-11-16,民生加银沪深300ETF,sh515350,5.826,5.827,5.86,5.819,5.824,2626816.0,15338979.0,1.4501,5.8335,1.4501021053,6.0807051982444,股票型基金,规模指数股票型基金,43199200.0,43199200.0
2021-11-17,民生加银沪深300ETF,sh515350,5.824,5.821,5.839,5.809,5.825,2957500.0,17210593.0,1.4511,5.8376,1.4511212908,6.8461915961407,股票型基金,规模指数股票型基金,43199200.0,43199200.0
2021-11-18,民生加银沪深300ETF,sh515350,5.825,5.825,5.825,5.761,5.771,2940400.0,17007414.0,1.4371,5.7813,1.4371261338,6.9514317055642,股票型基金,规模指数股票型基金,42299200.0,42299200.0
2021-11-19,民生加银沪深300ETF,sh515350,5.771,5.766,5.847,5.766,5.844,2712000.0,15732320.0,1.4531,5.8456,1.4531099454,6.4114687748232,股票型基金,规模指数股票型基金,42299200.0,42299200.0
2021-11-22,民生加银沪深300ETF,sh515350,5.844,5.838,5.867,5.838,5.857,2154700.0,12620769.0,1.4602,5.8742,1.4602193858,5.2046899456994,股票型基金,规模指数股票型基金,41399200.0,41399200.0
2021-11-23,民生加银沪深300ETF,sh515350,5.857,5.853,5.879,5.845,5.865,1557500.0,9133732.0,1.4602,5.874,1.4601696694,3.7621499932366,股票型基金,规模指数股票型基金,41399200.0,41399200.0
2021-11-24,民生加银沪深300ETF,sh515350,5.865,5.876,5.901,5.855,5.873,1466185.0,8613999.0,1.4626,5.8839,1.4626306295,3.5415780981275,股票型基金,规模指数股票型基金,41399200.0,41399200.0
2021-11-25,民生加银沪深300ETF,sh515350,5.873,5.873,5.877,5.854,5.861,4201300.0,24634079.0,1.4567,5.8599,1.4566646656,10.148263734565,股票型基金,规模指数股票型基金,41399200.0,41399200.0
2021-11-26,民生加银沪深300ETF,sh515350,5.861,5.861,5.861,5.803,5.817,1882700.0,10973900.0,1.4469,5.8207,1.4469202579,4.5476724187907,股票型基金,规模指数股票型基金,41399200.0,41399200.0
2021-11-29,民生加银沪深300ETF,sh515350,5.817,5.812,5.821,5.781,5.813,5538400.0,32176773.0,1.4447,5.8119,1.4447327378,12.558957985632,股票型基金,规模指数股票型基金,44099200.0,44099200.0
2021-11-30,民生加银沪深300ETF,sh515350,5.813,5.819,5.839,5.766,5.789,6642200.0,38499825.0,1.4391,5.7892,1.4390899302,13.925181135113,股票型基金,规模指数股票型基金,47699200.0,47699200.0
2021-12-01,民生加银沪深300ETF,sh515350,5.789,5.798,5.815,5.786,5.804,2402100.0,13916562.0,1.4439,5.8085,1.4438875596,5.0359335167047,股票型基金,规模指数股票型基金,47699200.0,47699200.0
2021-12-02,民生加银沪深300ETF,sh515350,5.804,5.787,5.83,5.784,5.82,2180200.0,12673717.0,1.4477,5.8237,1.4476660034,4.5707265530659,股票型基金,规模指数股票型基金,47699200.0,47699200.0
2021-12-03,民生加银沪深300ETF,sh515350,5.82,5.83,5.871,5.812,5.868,5550400.0,32423499.0,1.4606,5.8759,1.4606419749,12.092585491686,股票型基金,规模指数股票型基金,45899200.0,45899200.0
2021-12-06,民生加银沪深300ETF,sh515350,5.868,5.877,5.914,5.867,5.871,5182300.0,30580944.0,1.4581,5.8658,1.4581312984,11.996286968277,股票型基金,规模指数股票型基金,43199200.0,43199200.0
2021-12-07,民生加银沪深300ETF,sh515350,5.871,5.876,5.906,5.873,5.895,1739400.0,10254237.0,1.4673,5.9026,1.4672791098,3.865402051592,股票型基金,规模指数股票型基金,44999200.0,44999200.0
2021-12-08,民生加银沪深300ETF,sh515350,5.895,5.904,5.988,5.894,5.985,3615429.0,21464864.0,1.4891,5.9902,1.4890548781,8.1984004244975,股票型基金,规模指数股票型基金,44099200.0,44099200.0
2021-12-09,民生加银沪深300ETF,sh515350,5.985,5.99,6.129,5.988,6.088,1891800.0,11454205.0,1.5132,6.0874,1.5132170319,4.2898737392062,股票型基金,规模指数股票型基金,44099200.0,44099200.0
2021-12-10,民生加银沪深300ETF,sh515350,6.088,6.08,6.08,6.045,6.056,1772200.0,10728993.0,1.5037,6.049,1.5036714897,4.0186670052971,股票型基金,规模指数股票型基金,44099200.0,44099200.0
2021-12-13,民生加银沪深300ETF,sh515350,6.056,6.09,6.149,6.076,6.078,3674600.0,22475461.0,1.512,6.0824,1.5119741228,8.3325774617227,股票型基金,规模指数股票型基金,44099200.0,44099200.0
2021-12-14,民生加银沪深300ETF,sh515350,6.078,6.073,6.073,6.03,6.044,2077100.0,12561610.0,1.5023,6.0435,1.5023042896,4.7100627675786,股票型基金,规模指数股票型基金,44099200.0,44099200.0
2021-12-15,民生加银沪深300ETF,sh515350,6.044,6.029,6.05,5.986,5.99,3297000.0,19860836.0,1.4905,5.996,1.4904966527,7.4763261011538,股票型基金,规模指数股票型基金,44099200.0,44099200.0
2021-12-16,民生加银沪深300ETF,sh515350,5.99,6.003,6.02,5.974,6.02,2063185.0,12363680.0,1.4994,6.032,1.4994455986,4.4950347718479,股票型基金,规模指数股票型基金,45899200.0,45899200.0
2021-12-17,民生加银沪深300ETF,sh515350,6.02,6.02,6.02,5.94,5.94,2759800.0,16450645.0,1.4762,5.9384,1.4761783393,6.0127409628055,股票型基金,规模指数股票型基金,45899200.0,45899200.0
2021-12-20,民生加银沪深300ETF,sh515350,5.94,5.936,5.959,5.85,5.853,7205000.0,42595228.0,1.4545,5.8511,1.4544771455,15.105075137529,股票型基金,规模指数股票型基金,47699200.0,47699200.0
2021-12-21,民生加银沪深300ETF,sh515350,5.853,5.959,5.959,5.851,5.88,2511500.0,14735455.0,1.4642,5.8901,1.4641718369,5.2652874681336,股票型基金,规模指数股票型基金,47699200.0,47699200.0
2021-12-22,民生加银沪深300ETF,sh515350,5.88,5.893,5.905,5.873,5.884,3750240.0,22092440.0,1.4654,5.8951,1.465414746,8.1705999233102,股票型基金,规模指数股票型基金,45899200.0,45899200.0
2021-12-23,民生加银沪深300ETF,sh515350,5.884,5.884,5.934,5.878,5.931,2508900.0,14812753.0,1.4755,5.9358,1.4755320265,5.4661083417576,股票型基金,规模指数股票型基金,45899200.0,45899200.0
2021-12-24,民生加银沪深300ETF,sh515350,5.931,5.936,5.946,5.887,5.909,3840400.0,22725139.0,1.468,5.9053,1.4679502807,8.5343739444257,股票型基金,规模指数股票型基金,44999200.0,44999200.0
2021-12-27,民生加银沪深300ETF,sh515350,5.909,5.9,5.93,5.871,5.899,4856100.0,28650792.0,1.4673,5.9026,1.4672791098,10.57992296162,股票型基金,规模指数股票型基金,45899200.0,45899200.0
2021-12-28,民生加银沪深300ETF,sh515350,5.899,5.907,5.946,5.896,5.937,3836700.0,22718402.0,1.4784,5.9475,1.4784404339,8.3589692195071,股票型基金,规模指数股票型基金,45899200.0,45899200.0
2021-12-29,民生加银沪深300ETF,sh515350,5.937,5.935,5.935,5.858,5.864,808500.0,4760391.0,1.4573,5.8625,1.4573109784,1.7614686094747,股票型基金,规模指数股票型基金,45899200.0,45899200.0
2021-12-30,民生加银沪深300ETF,sh515350,5.864,5.863,5.922,5.863,5.903,1805300.0,10651296.0,1.4689,5.9091,1.4688948917,3.9331840206365,股票型基金,规模指数股票型基金,45899200.0,45899200.0
2021-12-31,民生加银沪深300ETF,sh515350,5.903,5.907,5.932,5.898,5.914,4347320.0,25705433.0,1.4744,5.9313,1.4744134083,10.063427100502,股票型基金,规模指数股票型基金,43199186.0,43199200.0
2022-01-04,民生加银沪深300ETF,sh515350,5.914,5.919,5.937,5.842,5.899,4583800.0,27050533.0,1.467,5.9015,1.4670056697,11.07219463178,股票型基金,规模指数股票型基金,41399200.0,41399200.0
2022-01-05,民生加银沪深300ETF,sh515350,5.899,5.89,5.896,5.82,5.839,5154100.0,30206470.0,1.4519,5.8409,1.4519416108,12.449757483236,股票型基金,规模指数股票型基金,41399200.0,41399200.0
2022-01-06,民生加银沪深300ETF,sh515350,5.839,5.834,5.834,5.74,5.774,3861200.0,22335410.0,1.4375,5.7828,1.4374990065,9.3267502753676,股票型基金,规模指数股票型基金,41399200.0,41399200.0
2022-01-07,民生加银沪深300ETF,sh515350,5.774,5.8,5.821,5.786,5.79,2374900.0,13772110.0,1.4385,5.787,1.4385430502,5.7365842818219,股票型基金,规模指数股票型基金,41399200.0,41399200.0
2022-01-10,民生加银沪深300ETF,sh515350,5.79,5.783,5.813,5.748,5.806,4419000.0,25560924.0,1.4452,5.8137,1.4451801851,10.674119306653,股票型基金,规模指数股票型基金,41399200.0,41399200.0
2022-01-11,民生加银沪深300ETF,sh515350,5.806,5.801,5.816,5.753,5.761,3020000.0,17468653.0,1.4321,5.7612,1.432129639,7.2948269531778,股票型基金,规模指数股票型基金,41399200.0,41399200.0
2022-01-12,民生加银沪深300ETF,sh515350,5.761,5.766,5.826,5.766,5.815,1900800.0,11017534.0,1.4467,5.8199,1.4467213924,4.5913930703975,股票型基金,规模指数股票型基金,41399200.0,41399200.0
2022-01-13,民生加银沪深300ETF,sh515350,5.815,5.825,5.825,5.726,5.727,2766200.0,15999617.0,1.4233,5.7258,1.4233298422,6.6817716284373,股票型基金,规模指数股票型基金,41399200.0,41399200.0
2022-01-14,民生加银沪深300ETF,sh515350,5.727,5.713,5.724,5.676,5.679,1639400.0,9348616.0,1.4116,5.6786,1.4115967798,3.9599799029933,股票型基金,规模指数股票型基金,41399200.0,41399200.0
2022-01-17,民生加银沪深300ETF,sh515350,5.679,5.689,5.737,5.685,5.717,2245900.0,12826569.0,1.4244,5.7301,1.4243987441,5.424984057663,股票型基金,规模指数股票型基金,41399200.0,41399200.0
2022-01-18,民生加银沪深300ETF,sh515350,5.717,5.717,5.791,5.711,5.78,2669500.0,15372911.0,1.4381,5.7853,1.4381204611,6.4481922355988,股票型基金,规模指数股票型基金,41399200.0,41399200.0
2022-01-19,民生加银沪深300ETF,sh515350,5.78,5.78,5.799,5.721,5.747,2491600.0,14349556.0,1.4283,5.7458,1.4283014788,6.0184737869331,股票型基金,规模指数股票型基金,41399200.0,41399200.0
2022-01-20,民生加银沪深300ETF,sh515350,5.747,5.752,5.821,5.747,5.789,3097900.0,17903821.0,1.4407,5.7957,1.4407057121,7.48299484048,股票型基金,规模指数股票型基金,41399200.0,41399200.0
2022-01-21,民生加银沪深300ETF,sh515350,5.789,5.77,5.783,5.73,5.753,2917000.0,16799005.0,1.4275,5.7426,1.427506017,7.0460298749734,股票型基金,规模指数股票型基金,41399200.0,41399200.0
2022-01-24,民生加银沪深300ETF,sh515350,5.753,5.753,5.766,5.71,5.75,2569958.0,14748136.0,1.4299,5.7521,1.4298675443,6.2077479758063,股票型基金,规模指数股票型基金,41399200.0,41399200.0
2022-01-25,民生加银沪深300ETF,sh515350,5.75,5.721,5.738,5.637,5.644,2916000.0,16636038.0,1.3979,5.6233,1.3978502046,7.0436143693598,股票型基金,规模指数股票型基金,41399200.0,41399200.0
2022-01-26,民生加银沪深300ETF,sh515350,5.644,5.664,5.685,5.605,5.656,4086600.0,23125785.0,1.4084,5.6658,1.4084149324,9.2668347725129,股票型基金,规模指数股票型基金,44099200.0,44099200.0
2022-01-27,民生加银沪深300ETF,sh515350,5.656,5.646,5.649,5.56,5.578,2804300.0,15740204.0,1.3811,5.5561,1.3811455057,6.3590722734199,股票型基金,规模指数股票型基金,44099200.0,44099200.0
2022-01-28,民生加银沪深300ETF,sh515350,5.578,5.583,5.592,5.416,5.443,3248794.0,17988495.0,1.3649,5.4908,1.3649131122,7.2196705719213,股票型基金,规模指数股票型基金,44999200.0,44999200.0
2022-02-07,民生加银沪深300ETF,sh515350,5.443,5.52,5.602,5.52,5.564,2402500.0,13387168.0,1.3853,5.5728,1.3852968222,5.3389838041565,股票型基金,规模指数股票型基金,44999200.0,44999200.0
2022-02-08,民生加银沪深300ETF,sh515350,5.564,5.56,5.56,5.435,5.535,1726000.0,9476210.0,1.3775,5.5414,1.3774913528,3.9954443600807,股票型基金,规模指数股票型基金,43199200.0,43199200.0
2022-02-09,民生加银沪深300ETF,sh515350,5.535,5.535,5.596,5.525,5.583,2650300.0,14717335.0,1.3902,5.5927,1.3902436006,6.1350673160614,股票型基金,规模指数股票型基金,43199200.0,43199200.0
2022-02-10,民生加银沪深300ETF,sh515350,5.583,5.58,5.586,5.549,5.571,3915971.0,21798555.0,1.3863,5.577,1.3863408659,9.2577897454325,股票型基金,规模指数股票型基金,42299200.0,42299200.0
2022-02-11,民生加银沪深300ETF,sh515350,5.571,5.566,5.6,5.5,5.531,2956594.0,16452536.0,1.3747,5.5303,1.3747320944,6.9897161175625,股票型基金,规模指数股票型基金,42299200.0,42299200.0
2022-02-14,民生加银沪深300ETF,sh515350,5.531,5.526,5.527,5.453,5.478,2068700.0,11367928.0,1.3602,5.4719,1.3602149156,4.8906362295268,股票型基金,规模指数股票型基金,42299200.0,42299200.0
2022-02-15,民生加银沪深300ETF,sh515350,5.478,5.483,5.53,5.478,5.52,1711400.0,9415335.0,1.3748,5.5304,1.3747569526,4.0459394031093,股票型基金,规模指数股票型基金,42299200.0,42299200.0
2022-02-16,民生加银沪深300ETF,sh515350,5.52,5.541,5.57,5.534,5.545,1484200.0,8236055.0,1.3801,5.5519,1.380101462,3.5088134054545,股票型基金,规模指数股票型基金,42299200.0,42299200.0
2022-02-17,民生加银沪深300ETF,sh515350,5.545,5.55,5.583,5.537,5.556,1712100.0,9519505.0,1.3836,5.5658,1.3835567494,4.0475942807429,股票型基金,规模指数股票型基金,42299200.0,42299200.0
2022-02-18,民生加银沪深300ETF,sh515350,5.556,5.536,5.585,5.536,5.583,1885800.0,10477216.0,1.3898,5.591,1.3898210115,4.4582403449711,股票型基金,规模指数股票型基金,42299200.0,42299200.0
2022-02-21,民生加银沪深300ETF,sh515350,5.583,5.57,5.573,5.54,5.563,2999700.0,16672533.0,1.3849,5.5712,1.3848990913,7.4068129740834,股票型基金,规模指数股票型基金,40499200.0,40499200.0
2022-02-22,民生加银沪深300ETF,sh515350,5.563,5.563,5.563,5.47,5.496,2194000.0,12038138.0,1.3673,5.5003,1.3672746395,5.4173909608091,股票型基金,规模指数股票型基金,40499200.0,40499200.0
2022-02-23,民生加银沪深300ETF,sh515350,5.496,5.51,5.555,5.504,5.554,1250600.0,6914397.0,1.3826,5.5621,1.3826369966,3.0879622313527,股票型基金,规模指数股票型基金,40499200.0,40499200.0
2022-02-24,民生加银沪深300ETF,sh515350,5.554,5.537,5.537,5.407,5.451,6059700.0,33121269.0,1.355,5.4509,1.3549946971,14.325802852063,股票型基金,规模指数股票型基金,42299200.0,42299200.0
2022-02-25,民生加银沪深300ETF,sh515350,5.451,5.455,5.548,5.455,5.499,1389500.0,7657065.0,1.3682,5.5039,1.3681695341,3.2849321027348,股票型基金,规模指数股票型基金,42299200.0,42299200.0
2022-02-28,民生加银沪深300ETF,sh515350,5.499,5.489,5.501,5.447,5.497,2518400.0,13796140.0,1.3705,5.5131,1.370456487,5.9537769035821,股票型基金,规模指数股票型基金,42299200.0,42299200.0
2022-03-01,民生加银沪深300ETF,sh515350,5.497,5.521,5.553,5.509,5.552,3376600.0,18702741.0,1.3816,5.5578,1.3815680948,8.3374486409608,股票型基金,规模指数股票型基金,40499200.0,40499200.0
2022-03-02,民生加银沪深300ETF,sh515350,5.552,5.513,5.517,5.479,5.501,1931400.0,10628636.0,1.3696,5.5095,1.3695615924,4.768983091024,股票型基金,规模指数股票型基金,40499200.0,40499200.0
2022-03-03,民生加银沪深300ETF,sh515350,5.501,5.524,5.524,5.46,5.471,1398500.0,7666567.0,1.3614,5.4765,1.361358392,3.4531546302149,股票型基金,规模指数股票型基金,40499200.0,40499200.0
2022-03-04,民生加银沪深300ETF,sh515350,5.471,5.42,5.456,5.4,5.416,2224028.0,12069597.0,1.345,5.4108,1.3450265658,5.4915356352718,股票型基金,规模指数股票型基金,40499200.0,40499200.0
2022-03-07,民生加银沪深300ETF,sh515350,5.416,5.41,5.41,5.22,5.243,2114300.0,11244813.0,1.3028,5.241,1.302817371,5.1071035189086,股票型基金,规模指数股票型基金,41399200.0,41399200.0
2022-03-08,民生加银沪深300ETF,sh515350,5.243,5.248,5.274,5.102,5.133,1804500.0,9370209.0,1.2781,5.1417,1.2781331953,4.3587798798044,股票型基金,规模指数股票型基金,41399200.0,41399200.0
2022-03-09,民生加银沪深300ETF,sh515350,5.133,5.133,5.179,4.934,5.091,1752700.0,8900282.0,1.267,5.0968,1.2669718711,4.2336566890181,股票型基金,规模指数股票型基金,41399200.0,41399200.0
2022-03-10,民生加银沪深300ETF,sh515350,5.091,5.11,5.217,5.11,5.177,2013500.0,10448391.0,1.2867,5.1762,1.2867092684,4.9717031447535,股票型基金,规模指数股票型基金,40499200.0,40499200.0
2022-03-11,民生加银沪深300ETF,sh515350,5.177,5.15,5.21,5.027,5.201,2718000.0,13850522.0,1.291,5.1936,1.2910345923,6.7112436788875,股票型基金,规模指数股票型基金,40499200.0,40499200.0
2022-03-14,民生加银沪深300ETF,sh515350,5.201,5.1,5.15,5.037,5.038,5868400.0,29996221.0,1.2521,5.0371,1.2521315359,15.164137759954,股票型基金,规模指数股票型基金,38699200.0,38699200.0
2022-03-15,民生加银沪深300ETF,sh515350,5.038,5.027,5.027,4.811,4.822,2247858.0,11065972.0,1.1956,4.8098,1.1956288859,6.0918881710173,股票型基金,规模指数股票型基金,36899200.0,36899200.0
2022-03-16,民生加银沪深300ETF,sh515350,4.822,4.898,5.019,4.783,5.0,3980100.0,19562585.0,1.2468,5.0158,1.2468367429,11.056079023978,股票型基金,规模指数股票型基金,35999200.0,35999200.0
2022-03-17,民生加银沪深300ETF,sh515350,5.0,5.025,5.18,5.025,5.11,6681400.0,34253222.0,1.2708,5.1124,1.2708497477,20.064746300211,股票型基金,规模指数股票型基金,33299200.0,33299200.0
2022-03-18,民生加银沪深300ETF,sh515350,5.11,5.102,5.154,5.005,5.152,3225700.0,16435647.0,1.2788,5.1443,1.2787795081,10.541778870036,股票型基金,规模指数股票型基金,30599200.0,30599200.0
2022-03-21,民生加银沪深300ETF,sh515350,5.152,5.152,5.157,5.1,5.13,2250000.0,11546718.0,1.2771,5.1375,1.2770891516,7.8127170199172,股票型基金,规模指数股票型基金,28799200.0,28799200.0
2022-03-22,民生加银沪深300ETF,sh515350,5.13,5.115,5.17,5.11,5.133,1097557.0,5640838.0,1.2773,5.1382,1.2772631589,3.8110676685463,股票型基金,规模指数股票型基金,28799200.0,28799200.0
2022-03-23,民生加银沪深300ETF,sh515350,5.133,5.134,5.174,5.129,5.162,1173900.0,6045107.0,1.2828,5.1604,1.2827816755,3.9526317207197,股票型基金,规模指数股票型基金,29699200.0,29699200.0
2022-03-24,民生加银沪深300ETF,sh515350,5.162,5.15,5.15,5.09,5.129,1696600.0,8683089.0,1.2753,5.1303,1.2752993624,5.7126117875229,股票型基金,规模指数股票型基金,29699200.0,29699200.0
2022-03-25,民生加银沪深300ETF,sh515350,5.129,5.124,5.14,5.029,5.037,1036400.0,5274712.0,1.2525,5.0384,1.2524546923,3.489656287038,股票型基金,规模指数股票型基金,29699200.0,29699200.0
2022-03-28,民生加银沪深300ETF,sh515350,5.037,5.037,5.041,4.939,5.016,3590200.0,17902346.0,1.2438,5.0037,1.2438289028,12.088541105484,股票型基金,规模指数股票型基金,29699200.0,29699200.0
2022-03-29,民生加银沪深300ETF,sh515350,5.016,5.019,5.042,4.979,5.0,305000.0,1523826.0,1.2393,4.9856,1.2393295716,1.0269636892576,股票型基金,规模指数股票型基金,29699200.0,29699200.0
2022-03-30,民生加银沪深300ETF,sh515350,5.0,5.01,5.13,5.0,5.129,675900.0,3430394.0,1.2744,5.1266,1.2743796097,2.2758188772762,股票型基金,规模指数股票型基金,29699200.0,29699200.0
2022-03-31,民生加银沪深300ETF,sh515350,5.129,5.119,5.119,5.082,5.091,1874400.0,9553991.0,1.2644,5.0864,1.2643866201,6.3112811119491,股票型基金,规模指数股票型基金,29699186.0,29699200.0
2022-04-01,民生加银沪深300ETF,sh515350,5.091,5.065,5.162,5.049,5.147,2620400.0,13358372.0,1.2799,5.1487,1.2798732681,9.0988638573294,股票型基金,规模指数股票型基金,28799200.0,28799200.0
2022-04-06,民生加银沪深300ETF,sh515350,5.147,5.141,5.141,5.101,5.12,2469600.0,12642180.0,1.2762,5.1341,1.2762439734,8.5752382010611,股票型基金,规模指数股票型基金,28799200.0,28799200.0
2022-04-07,民生加银沪深300ETF,sh515350,5.12,5.114,5.136,5.067,5.07,1520000.0,7765053.0,1.2603,5.0698,1.2602601617,5.2779243867885,股票型基金,规模指数股票型基金,28799200.0,28799200.0
2022-04-08,民生加银沪深300ETF,sh515350,5.07,5.075,5.107,5.045,5.1,1569000.0,7971413.0,1.2663,5.0942,1.2663255584,5.4480680018889,股票型基金,规模指数股票型基金,28799200.0,28799200.0
2022-04-11,民生加银沪深300ETF,sh515350,5.1,5.095,5.095,4.936,4.94,4862300.0,24214446.0,1.2276,4.9384,1.2275965093,16.371821463204,股票型基金,规模指数股票型基金,29699200.0,29699200.0
2022-04-12,民生加银沪深300ETF,sh515350,4.94,4.995,5.026,4.926,5.021,3086900.0,15306335.0,1.2504,5.0302,1.2504163213,10.088172239797,股票型基金,规模指数股票型基金,30599200.0,30599200.0
2022-04-13,民生加银沪深300ETF,sh515350,5.021,4.99,5.033,4.982,4.993,1229026.0,6156574.0,1.2388,4.9836,1.238832408,4.0165298439175,股票型基金,规模指数股票型基金,30599200.0,30599200.0
2022-04-14,民生加银沪深300ETF,sh515350,4.993,4.998,5.073,4.998,5.052,1208629.0,6107096.0,1.254,5.0445,1.2539710414,3.9498712384638,股票型基金,规模指数股票型基金,30599200.0,30599200.0
2022-04-15,民生加银沪深300ETF,sh515350,5.052,5.052,5.06,5.005,5.039,2077400.0,10449857.0,1.2528,5.0398,1.2528027068,6.7890663808204,股票型基金,规模指数股票型基金,30599200.0,30599200.0
2022-04-18,民生加银沪深300ETF,sh515350,5.039,5.033,5.033,4.965,5.01,1999900.0,9977850.0,1.2463,5.0135,1.2462650047,6.5357917854062,股票型基金,规模指数股票型基金,30599200.0,30599200.0
2022-04-19,民生加银沪深300ETF,sh515350,5.01,5.014,5.039,4.949,4.98,2980800.0,14903817.0,1.2375,4.9782,1.2374900661,9.7414311485268,股票型基金,规模指数股票型基金,30599200.0,30599200.0
2022-04-20,民生加银沪深300ETF,sh515350,4.98,4.985,4.985,4.893,4.91,2012100.0,9935530.0,1.2186,4.9021,1.2185729888,6.7749299644435,股票型基金,规模指数股票型基金,29699200.0,29699200.0
2022-04-21,民生加银沪深300ETF,sh515350,4.91,4.905,4.91,4.806,4.83,2564629.0,12478158.0,1.1961,4.8115,1.196051475,8.635347080056,股票型基金,规模指数股票型基金,29699200.0,29699200.0
2022-04-22,民生加银沪深300ETF,sh515350,4.83,4.8,4.872,4.779,4.841,3721900.0,17971968.0,1.2015,4.8335,1.2015202753,12.5319873936,股票型基金,规模指数股票型基金,29699200.0,29699200.0
2022-04-25,民生加银沪深300ETF,sh515350,4.841,4.745,4.775,4.584,4.632,3752400.0,17752700.0,1.1427,4.5968,1.1426809561,12.263065701064,股票型基金,规模指数股票型基金,30599200.0,30599200.0
2022-04-26,民生加银沪深300ETF,sh515350,4.632,4.62,4.664,4.55,4.567,2033300.0,9371324.0,1.1333,4.5589,1.1332597048,6.6449449658815,股票型基金,规模指数股票型基金,30599200.0,30599200.0
2022-04-27,民生加银沪深300ETF,sh515350,4.567,4.54,4.679,4.54,4.679,3201100.0,14661974.0,1.1659,4.6901,1.1658736409,10.461384611362,股票型基金,规模指数股票型基金,30599200.0,30599200.0
2022-04-28,民生加银沪深300ETF,sh515350,4.679,4.684,4.732,4.658,4.71,1859971.0,8714779.0,1.1732,4.7195,1.1731819467,6.0784955162226,股票型基金,规模指数股票型基金,30599200.0,30599200.0
2022-04-29,民生加银沪深300ETF,sh515350,4.71,4.73,4.827,4.688,4.822,5069700.0,24086182.0,1.2021,4.8359,1.2021168717,17.0701567719,股票型基金,规模指数股票型基金,29699200.0,29699200.0
2022-05-05,民生加银沪深300ETF,sh515350,4.822,4.8,4.884,4.794,4.822,3168000.0,15288178.0,1.2005,4.8295,1.200525948,11.355164305787,股票型基金,规模指数股票型基金,27899200.0,27899200.0
2022-05-06,民生加银沪深300ETF,sh515350,4.822,4.79,4.79,4.696,4.697,1725200.0,8156732.0,1.1705,4.7088,1.1705221211,6.1836898549062,股票型基金,规模指数股票型基金,27899200.0,27899200.0
2022-05-09,民生加银沪深300ETF,sh515350,4.697,4.692,4.706,4.64,4.67,1846800.0,8622567.0,1.1613,4.6717,1.1612997352,6.6195446464415,股票型基金,规模指数股票型基金,27899200.0,27899200.0
2022-05-10,民生加银沪深300ETF,sh515350,4.67,4.67,4.74,4.585,4.724,3256700.0,15230162.0,1.1743,4.724,1.1743005649,11.67309456902,股票型基金,规模指数股票型基金,27899200.0,27899200.0
2022-05-11,民生加银沪深300ETF,sh515350,4.724,4.727,4.85,4.727,4.787,3157600.0,15226702.0,1.1912,4.7921,1.1912289875,11.695161338114,股票型基金,规模指数股票型基金,26999200.0,26999200.0
2022-05-12,民生加银沪深300ETF,sh515350,4.787,4.782,4.794,4.743,4.78,1740700.0,8297606.0,1.186,4.7709,1.1859590527,6.4472280660168,股票型基金,规模指数股票型基金,26999200.0,26999200.0
2022-05-13,民生加银沪深300ETF,sh515350,4.78,4.979,4.979,4.661,4.8,1387600.0,6660379.0,1.1947,4.8061,1.1947091332,4.9736193152492,股票型基金,规模指数股票型基金,27899200.0,27899200.0
2022-05-16,民生加银沪深300ETF,sh515350,4.8,4.81,4.837,4.761,4.767,1608200.0,7730860.0,1.1853,4.7682,1.1852878818,5.7643229913403,股票型基金,规模指数股票型基金,27899200.0,27899200.0
2022-05-17,民生加银沪深300ETF,sh515350,4.767,4.767,4.82,4.766,4.82,864000.0,4147776.0,1.1999,4.8269,1.1998796352,3.0968629924872,股票型基金,规模指数股票型基金,27899200.0,27899200.0
2022-05-18,民生加银沪深300ETF,sh515350,4.82,4.815,4.843,4.772,4.803,2441000.0,11747211.0,1.1959,4.8108,1.1958774678,8.7493548202099,股票型基金,规模指数股票型基金,27899200.0,27899200.0
2022-05-19,民生加银沪深300ETF,sh515350,4.803,4.77,4.822,4.756,4.811,3487800.0,16697622.0,1.1983,4.8205,1.1982887115,12.501433732867,股票型基金,规模指数股票型基金,27899200.0,27899200.0
2022-05-20,民生加银沪深300ETF,sh515350,4.811,4.833,4.905,4.833,4.903,829500.0,4041907.0,1.2216,4.9143,1.2216056872,2.9732035327178,股票型基金,规模指数股票型基金,27899200.0,27899200.0
2022-05-23,民生加银沪深300ETF,sh515350,4.903,4.9,4.9,4.84,4.872,2835400.0,13803279.0,1.2147,4.8864,1.2146702541,10.501792645708,股票型基金,规模指数股票型基金,26999200.0,26999200.0
2022-05-24,民生加银沪深300ETF,sh515350,4.872,4.867,4.881,4.776,4.782,2360100.0,11388542.0,1.1865,4.7729,1.1864562164,8.7413701146701,股票型基金,规模指数股票型基金,26999200.0,26999200.0
2022-05-25,民生加银沪深300ETF,sh515350,4.782,4.786,4.803,4.769,4.803,1419800.0,6789517.0,1.1936,4.8016,1.1935905149,5.2586743310913,股票型基金,规模指数股票型基金,26999200.0,26999200.0
2022-05-26,民生加银沪深300ETF,sh515350,4.803,4.793,4.844,4.742,4.809,2483000.0,11918371.0,1.1975,4.8174,1.1975181078,9.1965687872233,股票型基金,规模指数股票型基金,26999200.0,26999200.0
2022-05-27,民生加银沪深300ETF,sh515350,4.809,4.861,4.89,4.806,4.821,2264400.0,10989242.0,1.2,4.8274,1.2000039261,8.3869151678568,股票型基金,规模指数股票型基金,26999200.0,26999200.0
2022-05-30,民生加银沪深300ETF,sh515350,4.821,4.844,4.868,4.834,4.851,1505700.0,7300565.0,1.2088,4.8627,1.2087788647,5.5768319061306,股票型基金,规模指数股票型基金,26999200.0,26999200.0
2022-05-31,民生加银沪深300ETF,sh515350,4.851,4.845,4.941,4.839,4.925,3570500.0,17417954.0,1.2276,4.9385,1.2276213675,13.680495953899,股票型基金,规模指数股票型基金,26099200.0,26099200.0
2022-06-01,民生加银沪深300ETF,sh515350,4.925,4.925,4.937,4.9,4.92,2466700.0,12143273.0,1.2259,4.9317,1.225931011,9.7888028191371,股票型基金,规模指数股票型基金,25199200.0,25199200.0
2022-06-02,民生加银沪深300ETF,sh515350,4.92,4.91,4.944,4.9,4.935,465800.0,2292618.0,1.229,4.9439,1.2289637093,1.8484713800438,股票型基金,规模指数股票型基金,25199200.0,25199200.0
2022-06-06,民生加银沪深300ETF,sh515350,4.935,4.9,5.033,4.9,5.028,1976400.0,9884184.0,1.252,5.0364,1.2519575286,7.8431061303533,股票型基金,规模指数股票型基金,25199200.0,25199200.0
2022-06-07,民生加银沪深300ETF,sh515350,5.028,5.028,5.075,5.024,5.043,2477843.0,12510312.0,1.2557,5.0515,1.2557111142,9.833022476904,股票型基金,规模指数股票型基金,25199200.0,25199200.0
2022-06-08,民生加银沪深300ETF,sh515350,5.043,5.051,5.099,5.03,5.097,1716185.0,8692948.0,1.2678,5.1001,1.2677921912,6.5756230076018,股票型基金,规模指数股票型基金,26099200.0,26099200.0
2022-06-09,民生加银沪深300ETF,sh515350,5.097,5.1,5.105,5.04,5.058,3600800.0,18266993.0,1.2549,5.0482,1.2548907942,13.796591466405,股票型基金,规模指数股票型基金,26099200.0,26099200.0
2022-06-10,民生加银沪深300ETF,sh515350,5.058,5.033,5.129,5.03,5.119,1151900.0,5834632.0,1.2737,5.1239,1.2737084387,4.4135452427661,股票型基金,规模指数股票型基金,26099200.0,26099200.0
2022-06-13,民生加银沪深300ETF,sh515350,5.119,5.098,5.098,5.035,5.062,1523700.0,7703671.0,1.259,5.0646,1.2589675362,5.8381099803825,股票型基金,规模指数股票型基金,26099200.0,26099200.0
2022-06-14,民生加银沪深300ETF,sh515350,5.062,5.057,5.112,4.97,5.112,2864200.0,14408415.0,1.2685,5.1028,1.2684633621,10.974282736636,股票型基金,规模指数股票型基金,26099200.0,26099200.0
2022-06-15,民生加银沪深300ETF,sh515350,5.112,5.112,5.249,5.112,5.163,3314400.0,17245279.0,1.2857,5.1721,1.2856900829,12.275919286497,股票型基金,规模指数股票型基金,26999200.0,26999200.0
2022-06-16,民生加银沪深300ETF,sh515350,5.163,5.17,5.214,5.122,5.131,1563900.0,8058640.0,1.2782,5.142,1.2782077699,5.7923938487066,股票型基金,规模指数股票型基金,26999200.0,26999200.0
2022-06-17,民生加银沪深300ETF,sh515350,5.131,5.126,5.217,5.104,5.201,3528500.0,18178396.0,1.2957,5.2124,1.2957079307,13.068905745355,股票型基金,规模指数股票型基金,26999200.0,26999200.0
2022-06-20,民生加银沪深300ETF,sh515350,5.201,5.21,5.281,5.192,5.232,3437500.0,17948110.0,1.303,5.2416,1.3029665201,13.641306073209,股票型基金,规模指数股票型基金,25199200.0,25199200.0
2022-06-21,民生加银沪深300ETF,sh515350,5.232,5.23,5.265,5.186,5.235,3219700.0,16814433.0,1.302,5.2376,1.3019721928,12.77699292041,股票型基金,规模指数股票型基金,25199200.0,25199200.0
2022-06-22,民生加银沪深300ETF,sh515350,5.235,5.233,5.233,5.162,5.162,1794700.0,9344977.0,1.2864,5.1749,1.2863861121,7.1220514936982,股票型基金,规模指数股票型基金,25199200.0,25199200.0
2022-06-23,民生加银沪深300ETF,sh515350,5.162,5.187,5.261,5.171,5.257,1541500.0,8039211.0,1.3086,5.2641,1.3085596113,6.1172576907203,股票型基金,规模指数股票型基金,25199200.0,25199200.0
2022-06-24,民生加银沪深300ETF,sh515350,5.257,5.257,5.33,5.257,5.309,2518700.0,13328361.0,1.3241,5.3267,1.3241208339,9.9951585764627,股票型基金,规模指数股票型基金,25199200.0,25199200.0
2022-06-27,民生加银沪深300ETF,sh515350,5.309,5.314,5.412,5.314,5.375,2393400.0,12891693.0,1.3388,5.3856,1.3387623036,9.4979205689069,股票型基金,规模指数股票型基金,25199200.0,25199200.0
2022-06-28,民生加银沪深300ETF,sh515350,5.375,5.365,5.45,5.345,5.432,1376128.0,7415544.0,1.3526,5.4412,1.3525834534,5.4609987618655,股票型基金,规模指数股票型基金,25199200.0,25199200.0
2022-06-29,民生加银沪深300ETF,sh515350,5.432,5.427,5.449,5.356,5.376,2982700.0,16178049.0,1.3337,5.3654,1.3337409507,11.836486872599,股票型基金,规模指数股票型基金,25199200.0,25199200.0
2022-06-30,民生加银沪深300ETF,sh515350,5.376,5.379,5.475,5.379,5.443,2360685.0,12817220.0,1.3537,5.4457,1.3537020716,9.7150729242115,股票型基金,规模指数股票型基金,24299186.0,24299200.0
2022-07-01,民生加银沪深300ETF,sh515350,5.443,5.443,5.443,5.393,5.421,1078700.0,5841187.0,1.3484,5.4242,1.3483575623,4.439240798051,股票型基金,规模指数股票型基金,24299200.0,24299200.0
2022-07-04,民生加银沪深300ETF,sh515350,5.421,5.412,5.447,5.363,5.44,2724200.0,14758627.0,1.357,5.4589,1.3569833518,11.211068677158,股票型基金,规模指数股票型基金,24299200.0,24299200.0
2022-07-05,民生加银沪深300ETF,sh515350,5.44,5.438,5.496,5.383,5.437,2046500.0,11145670.0,1.3548,5.4503,1.354845548,8.4220879699743,股票型基金,规模指数股票型基金,24299200.0,24299200.0
2022-07-06,民生加银沪深300ETF,sh515350,5.437,5.432,5.439,5.34,5.381,1306700.0,7049773.0,1.3361,5.3747,1.3360527617,5.3775432936064,股票型基金,规模指数股票型基金,24299200.0,24299200.0
2022-07-07,民生加银沪深300ETF,sh515350,5.381,5.376,5.422,5.344,5.396,481700.0,2595901.0,1.3422,5.3995,1.3422175911,1.9823697899519,股票型基金,规模指数股票型基金,24299200.0,24299200.0
2022-07-08,民生加银沪深300ETF,sh515350,5.396,5.366,5.446,5.366,5.383,1022700.0,5541543.0,1.3388,5.3856,1.3387623036,4.2087805359847,股票型基金,规模指数股票型基金,24299200.0,24299200.0
2022-07-11,民生加银沪深300ETF,sh515350,5.383,5.378,5.378,5.279,5.306,2760500.0,14621763.0,1.3174,5.2995,1.3173594081,10.954712848027,股票型基金,规模指数股票型基金,25199200.0,25199200.0
2022-07-12,民生加银沪深300ETF,sh515350,5.306,5.306,5.319,5.238,5.258,2948800.0,15564980.0,1.3066,5.2561,1.3065709567,11.298430603237,股票型基金,规模指数股票型基金,26099200.0,26099200.0
2022-07-13,民生加银沪深300ETF,sh515350,5.258,5.261,5.284,5.229,5.262,1072600.0,5641776.0,1.3091,5.2663,1.3091064913,4.1097045120157,股票型基金,规模指数股票型基金,26099200.0,26099200.0
2022-07-14,民生加银沪深300ETF,sh515350,5.262,5.248,5.297,5.236,5.262,1415439.0,7440807.0,1.3097,5.2688,1.3097279459,5.4233041625797,股票型基金,规模指数股票型基金,26099200.0,26099200.0
2022-07-15,民生加银沪深300ETF,sh515350,5.262,5.266,5.306,5.179,5.18,1761300.0,9245868.0,1.2911,5.194,1.291134025,6.7484827121138,股票型基金,规模指数股票型基金,26099200.0,26099200.0
2022-07-18,民生加银沪深300ETF,sh515350,5.18,5.18,5.262,5.157,5.247,1987800.0,10372908.0,1.3041,5.2462,1.3041099965,7.6163254046101,股票型基金,规模指数股票型基金,26099200.0,26099200.0
2022-07-19,民生加银沪深300ETF,sh515350,5.247,5.233,5.236,5.18,5.219,2053200.0,10711051.0,1.2974,5.2191,1.297373429,7.8669077979402,股票型基金,规模指数股票型基金,26099200.0,26099200.0
2022-07-20,民生加银沪深300ETF,sh515350,5.219,5.224,5.26,5.213,5.229,985200.0,5153952.0,1.3016,5.2363,1.3016490364,3.774828347229,股票型基金,规模指数股票型基金,26099200.0,26099200.0
2022-07-21,民生加银沪深300ETF,sh515350,5.229,5.211,5.238,5.171,5.18,1259500.0,6556384.0,1.2885,5.1835,1.2885239158,4.8258184158901,股票型基金,规模指数股票型基金,26099200.0,26099200.0
2022-07-22,民生加银沪深300ETF,sh515350,5.18,5.197,5.234,5.149,5.193,2693029.0,13971321.0,1.2891,5.1859,1.2891205122,10.318435047818,股票型基金,规模指数股票型基金,26099200.0,26099200.0
2022-07-25,民生加银沪深300ETF,sh515350,5.193,5.169,5.172,5.141,5.165,3559700.0,18358425.0,1.2814,5.1549,1.2814144755,13.184464724881,股票型基金,规模指数股票型基金,26999200.0,26999200.0
2022-07-26,民生加银沪深300ETF,sh515350,5.165,5.18,5.215,5.165,5.189,2328500.0,12085925.0,1.2914,5.195,1.2913826069,8.6243296097662,股票型基金,规模指数股票型基金,26999200.0,26999200.0
2022-07-27,民生加银沪深300ETF,sh515350,5.189,5.18,5.187,5.16,5.165,2260300.0,11702388.0,1.2852,5.1703,1.2852426356,8.3717295327269,股票型基金,规模指数股票型基金,26999200.0,26999200.0
2022-07-28,民生加银沪深300ETF,sh515350,5.165,5.196,5.226,5.165,5.165,3075400.0,15985472.0,1.286,5.1732,1.285963523,11.390707872826,股票型基金,规模指数股票型基金,26999200.0,26999200.0
2022-07-29,民生加银沪深300ETF,sh515350,5.165,5.161,5.199,5.1,5.107,4850000.0,25005742.0,1.2694,5.1067,1.2694328313,17.963495214673,股票型基金,规模指数股票型基金,26999200.0,26999200.0
2022-08-01,民生加银沪深300ETF,sh515350,5.107,5.089,5.13,5.054,5.122,3249100.0,16596023.0,1.275,5.129,1.2749762061,12.449040583619,股票型基金,规模指数股票型基金,26099200.0,26099200.0
2022-08-02,民生加银沪深300ETF,sh515350,5.122,5.128,5.128,5.0,5.042,4561171.0,22925852.0,1.251,5.0326,1.2510129177,16.893726480785,股票型基金,规模指数股票型基金,26999200.0,26999200.0
2022-08-03,民生加银沪深300ETF,sh515350,5.042,5.078,5.1,4.977,4.991,4792400.0,24075448.0,1.239,4.9844,1.2390312735,17.750155560165,股票型基金,规模指数股票型基金,26999200.0,26999200.0
2022-08-04,民生加银沪深300ETF,sh515350,4.991,4.999,5.037,4.984,5.018,4686400.0,23461768.0,1.2493,5.0258,1.2493225612,16.797614268509,股票型基金,规模指数股票型基金,27899200.0,27899200.0
2022-08-05,民生加银沪深300ETF,sh515350,5.018,5.037,5.103,5.021,5.098,5041000.0,25421604.0,1.2678,5.1003,1.2678419075,18.670923582921,股票型基金,规模指数股票型基金,26999200.0,26999200.0
2022-08-08,民生加银沪深300ETF,sh515350,5.098,5.098,5.102,5.073,5.086,1991500.0,10134028.0,1.2652,5.0898,1.2652317983,7.3761444783549,股票型基金,规模指数股票型基金,26999200.0,26999200.0
2022-08-09,民生加银沪深300ETF,sh515350,5.086,5.086,5.101,5.071,5.091,2777400.0,14131608.0,1.2679,5.1005,1.2678916239,10.286971465821,股票型基金,规模指数股票型基金,26999200.0,26999200.0
2022-08-10,民生加银沪深300ETF,sh515350,5.091,5.08,5.52,5.021,5.04,3156800.0,15948554.0,1.2539,5.0441,1.2538716087,12.095389897008,股票型基金,规模指数股票型基金,26099200.0,26099200.0
2022-08-11,民生加银沪深300ETF,sh515350,5.04,5.06,5.146,5.053,5.144,3718500.0,18957551.0,1.2793,5.1464,1.2793015299,14.247563143698,股票型基金,规模指数股票型基金,26099200.0,26099200.0
2022-08-12,民生加银沪深300ETF,sh515350,5.144,5.14,5.159,5.125,5.151,4723600.0,24310427.0,1.2793,5.1465,1.2793263881,18.098639038744,股票型基金,规模指数股票型基金,26099200.0,26099200.0
2022-08-15,民生加银沪深300ETF,sh515350,5.151,5.14,5.182,5.134,5.137,3053100.0,15722185.0,1.2775,5.1392,1.2775117407,11.698059710642,股票型基金,规模指数股票型基金,26099200.0,26099200.0
2022-08-16,民生加银沪深300ETF,sh515350,5.137,5.14,5.165,5.116,5.121,3131700.0,16082378.0,1.2753,5.1304,1.2753242206,11.999218366846,股票型基金,规模指数股票型基金,26099200.0,26099200.0
2022-08-17,民生加银沪深300ETF,sh515350,5.121,5.13,5.187,5.099,5.17,2535300.0,13070193.0,1.2876,5.1797,1.2875793049,9.7140908533595,股票型基金,规模指数股票型基金,26099200.0,26099200.0
2022-08-18,民生加银沪深300ETF,sh515350,5.17,5.156,5.162,5.125,5.13,1652900.0,8489322.0,1.2771,5.1377,1.277138868,6.3331443109367,股票型基金,规模指数股票型基金,26099200.0,26099200.0
2022-08-19,民生加银沪深300ETF,sh515350,5.13,5.13,5.148,5.1,5.101,2354432.0,12058695.0,1.2683,5.102,1.2682644967,9.0210887690044,股票型基金,规模指数股票型基金,26099200.0,26099200.0
2022-08-22,民生加银沪深300ETF,sh515350,5.101,5.096,5.145,5.085,5.128,2656100.0,13628875.0,1.2778,5.1404,1.2778100389,10.176940289358,股票型基金,规模指数股票型基金,26099200.0,26099200.0
2022-08-23,民生加银沪深300ETF,sh515350,5.128,5.135,5.149,5.091,5.109,2603000.0,13304697.0,1.272,5.1172,1.2720429405,9.9734857773418,股票型基金,规模指数股票型基金,26099200.0,26099200.0
2022-08-24,民生加银沪深300ETF,sh515350,5.109,5.112,5.135,5.016,5.025,4015885.0,20360162.0,1.2483,5.0218,1.2483282339,15.387004199362,股票型基金,规模指数股票型基金,26099200.0,26099200.0
2022-08-25,民生加银沪深300ETF,sh515350,5.025,5.035,5.07,5.001,5.06,3971200.0,19962575.0,1.2585,5.0629,1.2585449471,15.215792054929,股票型基金,规模指数股票型基金,26099200.0,26099200.0
2022-08-26,民生加银沪深300ETF,sh515350,5.06,5.055,5.087,5.049,5.055,2044100.0,10354501.0,1.2568,5.0558,1.2567800161,7.8320408288377,股票型基金,规模指数股票型基金,26099200.0,26099200.0
2022-08-29,民生加银沪深300ETF,sh515350,5.055,5.05,5.05,5.008,5.027,3803500.0,19094604.0,1.2512,5.0334,1.2512117831,14.087454443095,股票型基金,规模指数股票型基金,26999200.0,26999200.0
2022-08-30,民生加银沪深300ETF,sh515350,5.027,5.023,5.029,4.977,5.014,1817300.0,9085359.0,1.2472,5.0174,1.2472344738,6.7309401760052,股票型基金,规模指数股票型基金,26999200.0,26999200.0
2022-08-31,民生加银沪深300ETF,sh515350,5.014,5.023,5.066,4.987,5.018,4443500.0,22281911.0,1.248,5.0205,1.2480050775,15.926979985089,股票型基金,规模指数股票型基金,27899200.0,27899200.0
2022-09-01,民生加银沪深300ETF,sh515350,5.018,5.02,5.032,4.966,4.972,2453800.0,12267562.0,1.2376,4.9787,1.237614357,8.7952342719505,股票型基金,规模指数股票型基金,27899200.0,27899200.0
2022-09-02,民生加银沪深300ETF,sh515350,4.972,4.977,4.986,4.927,4.955,2977800.0,14761912.0,1.2315,4.9543,1.2315489604,10.673424327579,股票型基金,规模指数股票型基金,27899200.0,27899200.0
2022-09-05,民生加银沪深300ETF,sh515350,4.955,4.927,4.945,4.9,4.945,1786400.0,8794115.0,1.2288,4.9434,1.2288394184,6.4030509835407,股票型基金,规模指数股票型基金,27899200.0,27899200.0
2022-09-06,民生加银沪深300ETF,sh515350,4.945,4.956,4.985,4.938,4.981,2256000.0,11193998.0,1.2401,4.9886,1.2400753171,8.0862533692722,股票型基金,规模指数股票型基金,27899200.0,27899200.0
2022-09-07,民生加银沪深300ETF,sh515350,4.981,4.968,5.005,4.968,4.989,1935100.0,9640639.0,1.241,4.9925,1.2410447863,6.9360411768079,股票型基金,规模指数股票型基金,27899200.0,27899200.0
2022-09-08,民生加银沪深300ETF,sh515350,4.989,4.993,5.002,4.971,4.973,747500.0,3731575.0,1.236,4.9721,1.2359737169,2.6792882950049,股票型基金,规模指数股票型基金,27899200.0,27899200.0
2022-09-09,民生加银沪深300ETF,sh515350,4.973,4.985,5.05,4.985,5.039,1768800.0,8875746.0,1.2528,5.0398,1.2528027068,6.3399667373975,股票型基金,规模指数股票型基金,27899200.0,27899200.0
2022-09-13,民生加银沪深300ETF,sh515350,5.039,5.039,5.08,5.039,5.058,737800.0,3737204.0,1.258,5.0607,1.2579980671,2.6445202729827,股票型基金,规模指数股票型基金,27899200.0,27899200.0
2022-09-14,民生加银沪深300ETF,sh515350,5.058,5.053,5.053,4.987,5.003,1292400.0,6466664.0,1.2445,5.0062,1.2444503573,4.6323908929288,股票型基金,规模指数股票型基金,27899200.0,27899200.0
2022-09-15,民生加银沪深300ETF,sh515350,5.003,5.02,5.027,4.933,4.96,4605100.0,22874260.0,1.2325,4.9582,1.2325184295,16.506208063314,股票型基金,规模指数股票型基金,27899200.0,27899200.0
2022-09-16,民生加银沪深300ETF,sh515350,4.96,4.943,4.943,4.841,4.847,2272900.0,11121734.0,1.2045,4.8454,1.2044783991,8.7086960519863,股票型基金,规模指数股票型基金,26099200.0,26099200.0
2022-09-19,民生加银沪深300ETF,sh515350,4.847,4.871,4.871,4.822,4.841,3006700.0,14567396.0,1.2029,4.839,1.2028874754,11.52027648357,股票型基金,规模指数股票型基金,26099200.0,26099200.0
2022-09-20,民生加银沪深300ETF,sh515350,4.841,4.846,4.872,4.825,4.836,974300.0,4719899.0,1.2045,4.8456,1.2045281154,3.7330646150074,股票型基金,规模指数股票型基金,26099200.0,26099200.0
2022-09-21,民生加银沪深300ETF,sh515350,4.836,4.821,4.834,4.786,4.801,3014300.0,14501476.0,1.1957,4.81,1.1956786023,11.549396150074,股票型基金,规模指数股票型基金,26099200.0,26099200.0
2022-09-22,民生加银沪深300ETF,sh515350,4.801,4.807,4.809,4.758,4.773,2150500.0,10272400.0,1.1855,4.7689,1.1854618891,8.2397161598823,股票型基金,规模指数股票型基金,26099200.0,26099200.0
2022-09-23,民生加银沪深300ETF,sh515350,4.773,4.784,4.796,4.722,4.767,5236800.0,25000781.0,1.1813,4.752,1.1812608562,19.396130255711,股票型基金,规模指数股票型基金,26999200.0,26999200.0
2022-09-26,民生加银沪深300ETF,sh515350,4.767,4.762,4.791,4.722,4.731,3599100.0,17106917.0,1.1753,4.7279,1.1752700341,13.330394974666,股票型基金,规模指数股票型基金,26999200.0,26999200.0
2022-09-27,民生加银沪深300ETF,sh515350,4.731,4.745,4.8,4.726,4.794,3216900.0,15251534.0,1.1922,4.7959,1.1921735985,11.914797475481,股票型基金,规模指数股票型基金,26999200.0,26999200.0
2022-09-28,民生加银沪深300ETF,sh515350,4.794,4.766,4.766,4.722,4.727,2858900.0,13575546.0,1.1732,4.7196,1.1732068049,10.588832261697,股票型基金,规模指数股票型基金,26999200.0,26999200.0
2022-09-29,民生加银沪深300ETF,sh515350,4.727,4.759,4.775,4.7,4.722,3627900.0,17168134.0,1.1724,4.7165,1.1724362012,13.43706480192,股票型基金,规模指数股票型基金,26999200.0,26999200.0
2022-09-30,民生加银沪深300ETF,sh515350,4.722,4.729,4.74,4.688,4.69,2327400.0,10975231.0,1.1654,4.6882,1.1654013354,8.6202554149753,股票型基金,规模指数股票型基金,26999186.0,26999200.0
2022-10-10,民生加银沪深300ETF,sh515350,4.69,4.675,4.68,4.579,4.587,2113300.0,9828515.0,1.14,4.5859,1.1399714142,7.8272689561172,股票型基金,规模指数股票型基金,26999200.0,26999200.0
2022-10-11,民生加银沪深300ETF,sh515350,4.587,4.587,4.616,4.575,4.593,2257100.0,10370263.0,1.1417,4.5929,1.141711487,8.3598773296987,股票型基金,规模指数股票型基金,26999200.0,26999200.0
2022-10-12,民生加银沪深300ETF,sh515350,4.593,4.611,4.663,4.514,4.66,3806100.0,17436846.0,1.1585,4.6603,1.1584659023,14.583205615498,股票型基金,规模指数股票型基金,26099200.0,26099200.0
2022-10-13,民生加银沪深300ETF,sh515350,4.66,4.64,4.661,4.616,4.625,3449900.0,15974608.0,1.1494,4.6239,1.1494175237,13.218412824914,股票型基金,规模指数股票型基金,26099200.0,26099200.0
2022-10-14,民生加银沪深300ETF,sh515350,4.625,4.63,4.753,4.63,4.729,1914000.0,9032575.0,1.1764,4.7326,1.1764383687,7.3335581167239,股票型基金,规模指数股票型基金,26099200.0,26099200.0
2022-10-17,民生加银沪深300ETF,sh515350,4.729,4.714,4.732,4.692,4.727,3161000.0,14903175.0,1.1776,4.7371,1.1775569869,12.111482344286,股票型基金,规模指数股票型基金,26099200.0,26099200.0
2022-10-18,民生加银沪深300ETF,sh515350,4.727,4.732,4.752,4.71,4.721,2377600.0,11253827.0,1.1751,4.7271,1.1750711686,9.1098577734183,股票型基金,规模指数股票型基金,26099200.0,26099200.0
2022-10-19,民生加银沪深300ETF,sh515350,4.721,4.716,4.728,4.65,4.65,2610400.0,12208158.0,1.1567,4.6532,1.1567009714,10.001839136832,股票型基金,规模指数股票型基金,26099200.0,26099200.0
2022-10-20,民生加银沪深300ETF,sh515350,4.65,4.645,4.694,4.599,4.639,4044300.0,18702017.0,1.151,4.6301,1.1509587311,15.495877268269,股票型基金,规模指数股票型基金,26099200.0,26099200.0
2022-10-21,民生加银沪深300ETF,sh515350,4.639,4.637,4.646,4.59,4.616,2232800.0,10318906.0,1.1472,4.615,1.1472051455,8.5550514958313,股票型基金,规模指数股票型基金,26099200.0,26099200.0
2022-10-24,民生加银沪深300ETF,sh515350,4.616,4.585,4.644,4.474,4.486,5948000.0,26943871.0,1.1143,4.4828,1.1143426275,20.653351481986,股票型基金,规模指数股票型基金,28799200.0,28799200.0
2022-10-25,民生加银沪深300ETF,sh515350,4.486,4.47,4.579,4.442,4.476,3585000.0,16084943.0,1.1127,4.4762,1.1127019874,12.448262451735,股票型基金,规模指数股票型基金,28799200.0,28799200.0
2022-10-26,民生加银沪深300ETF,sh515350,4.476,4.475,4.566,4.475,4.498,4388300.0,19834264.0,1.1215,4.5116,1.1215017842,15.237576043779,股票型基金,规模指数股票型基金,28799200.0,28799200.0
2022-10-27,民生加银沪深300ETF,sh515350,4.498,4.527,4.548,4.478,4.479,4361100.0,19644165.0,1.114,4.4814,1.113994613,15.143128975805,股票型基金,规模指数股票型基金,28799200.0,28799200.0
2022-10-28,民生加银沪深300ETF,sh515350,4.479,4.474,4.474,4.359,4.379,4203400.0,18572166.0,1.0871,4.3734,1.0871477753,14.595544320676,股票型基金,规模指数股票型基金,28799200.0,28799200.0
2022-10-31,民生加银沪深300ETF,sh515350,4.379,4.36,4.384,4.312,4.322,3324200.0,14449273.0,1.0774,4.3341,1.0773785094,11.542681741159,股票型基金,规模指数股票型基金,28799200.0,28799200.0
2022-11-01,民生加银沪深300ETF,sh515350,4.322,4.399,4.492,4.348,4.487,4142400.0,18265349.0,1.1149,4.4852,1.1149392239,14.383732881469,股票型基金,规模指数股票型基金,28799200.0,28799200.0
2022-11-02,民生加银沪深300ETF,sh515350,4.487,4.47,4.564,4.45,4.533,3807600.0,17230401.0,1.1283,4.5388,1.12826321,13.221200588905,股票型基金,规模指数股票型基金,28799200.0,28799200.0
2022-11-03,民生加银沪深300ETF,sh515350,4.533,4.528,4.528,4.478,4.501,2334000.0,10509341.0,1.1194,4.5032,1.1194136969,8.1043917886608,股票型基金,规模指数股票型基金,28799200.0,28799200.0
2022-11-04,民生加银沪深300ETF,sh515350,4.501,4.509,4.663,4.509,4.648,4247400.0,19670130.0,1.1553,4.6475,1.1552840549,14.748326342398,股票型基金,规模指数股票型基金,28799200.0,28799200.0
2022-11-07,民生加银沪深300ETF,sh515350,4.648,4.643,4.671,4.624,4.643,4868900.0,22629931.0,1.1575,4.6564,1.1574964332,16.906372399233,股票型基金,规模指数股票型基金,28799200.0,28799200.0
2022-11-08,民生加银沪深300ETF,sh515350,4.643,4.657,4.657,4.596,4.622,2268300.0,10465795.0,1.1498,4.6253,1.1497655383,7.8762604516792,股票型基金,规模指数股票型基金,28799200.0,28799200.0
2022-11-09,民生加银沪深300ETF,sh515350,4.622,4.621,4.635,4.575,4.578,2315800.0,10649385.0,1.1395,4.5839,1.1394742505,8.0411955887664,股票型基金,规模指数股票型基金,28799200.0,28799200.0
2022-11-10,民生加银沪深300ETF,sh515350,4.578,4.573,4.573,4.526,4.551,3873400.0,17581825.0,1.1308,4.549,1.1307987447,13.449679157754,股票型基金,规模指数股票型基金,28799200.0,28799200.0
2022-11-11,民生加银沪深300ETF,sh515350,4.551,4.561,4.721,4.561,4.666,5968400.0,27770344.0,1.1619,4.674,1.1618714734,20.724186782966,股票型基金,规模指数股票型基金,28799200.0,28799200.0
2022-11-14,民生加银沪深300ETF,sh515350,4.666,4.671,4.746,4.659,4.666,5077300.0,23866290.0,1.1631,4.6791,1.1631392408,17.630003611211,股票型基金,规模指数股票型基金,28799200.0,28799200.0
2022-11-15,民生加银沪深300ETF,sh515350,4.666,4.66,4.765,4.654,4.757,5552800.0,26272520.0,1.1849,4.7668,1.1849398672,19.281091141421,股票型基金,规模指数股票型基金,28799200.0,28799200.0
2022-11-16,民生加银沪深300ETF,sh515350,4.757,4.75,4.771,4.718,4.721,2908857.0,13815742.0,1.1756,4.7291,1.1755683323,10.100478485513,股票型基金,规模指数股票型基金,28799200.0,28799200.0
2022-11-17,民生加银沪深300ETF,sh515350,4.721,4.702,4.704,4.652,4.7,4765100.0,22293774.0,1.1707,4.7097,1.1707458448,16.545945720714,股票型基金,规模指数股票型基金,28799200.0,28799200.0
2022-11-18,民生加银沪深300ETF,sh515350,4.7,4.714,4.727,4.679,4.687,4122900.0,19383883.0,1.1659,4.6901,1.1658736409,14.777843092275,股票型基金,规模指数股票型基金,27899200.0,27899200.0
2022-11-21,民生加银沪深300ETF,sh515350,4.687,4.678,4.678,4.581,4.655,3858500.0,17876926.0,1.156,4.6503,1.155980084,13.830145667259,股票型基金,规模指数股票型基金,27899200.0,27899200.0
2022-11-22,民生加银沪深300ETF,sh515350,4.655,4.66,4.72,4.622,4.647,3357900.0,15635362.0,1.156,4.6503,1.155980084,12.035828984344,股票型基金,规模指数股票型基金,27899200.0,27899200.0
2022-11-23,民生加银沪深300ETF,sh515350,4.647,4.642,4.678,4.633,4.655,5499400.0,25616895.0,1.1572,4.6554,1.1572478514,19.095669324148,股票型基金,规模指数股票型基金,28799200.0,28799200.0
2022-11-24,民生加银沪深300ETF,sh515350,4.655,4.66,4.692,4.625,4.633,4851800.0,22546048.0,1.1522,4.6351,1.1522016402,16.846995749882,股票型基金,规模指数股票型基金,28799200.0,28799200.0
2022-11-25,民生加银沪深300ETF,sh515350,4.633,4.625,4.679,4.619,4.661,2151500.0,10007941.0,1.1579,4.658,1.1578941641,7.4706936303786,股票型基金,规模指数股票型基金,28799200.0,28799200.0
2022-11-28,民生加银沪深300ETF,sh515350,4.661,4.656,4.656,4.533,4.609,5910400.0,27040890.0,1.1448,4.6055,1.1448436181,20.522792299786,股票型基金,规模指数股票型基金,28799200.0,28799200.0
2022-11-29,民生加银沪深300ETF,sh515350,4.609,4.625,4.75,4.625,4.737,2793700.0,13155591.0,1.1795,4.7448,1.179471067,9.7006166837968,股票型基金,规模指数股票型基金,28799200.0,28799200.0
2022-11-30,民生加银沪深300ETF,sh515350,4.737,4.74,4.765,4.731,4.741,6283200.0,29793846.0,1.1807,4.7499,1.1807388343,21.81727270202,股票型基金,规模指数股票型基金,28799200.0,28799200.0
2022-12-01,民生加银沪深300ETF,sh515350,4.741,4.746,4.852,4.746,4.795,1513400.0,7303789.0,1.1936,4.8015,1.1935656567,5.2550070835301,股票型基金,规模指数股票型基金,28799200.0,28799200.0
2022-12-02,民生加银沪深300ETF,sh515350,4.795,4.8,4.808,4.773,4.773,2273800.0,10895036.0,1.1865,4.773,1.1864810746,7.8953582043946,股票型基金,规模指数股票型基金,28799200.0,28799200.0
2022-12-05,民生加银沪深300ETF,sh515350,4.773,4.772,4.858,4.772,4.855,4296500.0,20779433.0,1.2089,4.8631,1.2088782975,14.918817189366,股票型基金,规模指数股票型基金,28799200.0,28799200.0
2022-12-06,民生加银沪深300ETF,sh515350,4.855,4.85,4.908,4.834,4.877,4382900.0,21363493.0,1.2153,4.8891,1.2153414251,15.218825522931,股票型基金,规模指数股票型基金,28799200.0,28799200.0
2022-12-07,民生加银沪深300ETF,sh515350,4.877,4.872,4.927,4.848,4.868,2583157.0,12602138.0,1.2124,4.8771,1.2123584431,8.969544292897,股票型基金,规模指数股票型基金,28799200.0,28799200.0
2022-12-08,民生加银沪深300ETF,sh515350,4.868,4.866,4.888,4.857,4.876,2615700.0,12745411.0,1.2127,4.8785,1.2127064577,9.0825439595544,股票型基金,规模指数股票型基金,28799200.0,28799200.0
2022-12-09,民生加银沪深300ETF,sh515350,4.876,4.882,4.928,4.858,4.911,2356300.0,11520950.0,1.2241,4.9245,1.2241412218,8.1818244951249,股票型基金,规模指数股票型基金,28799200.0,28799200.0
2022-12-12,民生加银沪深300ETF,sh515350,4.911,4.899,4.899,4.862,4.866,2506100.0,12241476.0,1.2105,4.8696,1.2104940794,8.7019778327176,股票型基金,规模指数股票型基金,28799200.0,28799200.0
2022-12-13,民生加银沪深300ETF,sh515350,4.866,4.874,4.879,4.846,4.855,2114500.0,10287440.0,1.2081,4.8599,1.2080828356,7.3422178393844,股票型基金,规模指数股票型基金,28799200.0,28799200.0
2022-12-14,民生加银沪深300ETF,sh515350,4.855,4.864,4.886,4.845,4.863,3218400.0,15655419.0,1.2115,4.8737,1.2115132649,11.17531042529,股票型基金,规模指数股票型基金,28799200.0,28799200.0
2022-12-15,民生加银沪深300ETF,sh515350,4.863,4.88,4.88,4.84,4.863,2750100.0,13351305.0,1.2106,4.87,1.2105935121,9.5492235895442,股票型基金,规模指数股票型基金,28799200.0,28799200.0
2022-12-16,民生加银沪深300ETF,sh515350,4.863,4.85,4.878,4.841,4.866,2683500.0,13026667.0,1.2111,4.8719,1.2110658176,9.3179671657546,股票型基金,规模指数股票型基金,28799200.0,28799200.0
2022-12-19,民生加银沪深300ETF,sh515350,4.866,4.861,4.886,4.778,4.797,3210900.0,15483088.0,1.1926,4.7976,1.1925961876,11.149268035223,股票型基金,规模指数股票型基金,28799200.0,28799200.0
2022-12-20,民生加银沪深300ETF,sh515350,4.797,4.794,4.794,4.7,4.725,4448700.0,21060942.0,1.1732,4.7197,1.1732316631,15.44730409178,股票型基金,规模指数股票型基金,28799200.0,28799200.0
2022-12-21,民生加银沪深300ETF,sh515350,4.725,4.735,4.744,4.71,4.722,2115300.0,9992495.0,1.1735,4.7209,1.1735299612,7.3449956943248,股票型基金,规模指数股票型基金,28799200.0,28799200.0
2022-12-22,民生加银沪深300ETF,sh515350,4.722,4.738,4.78,4.715,4.731,2931200.0,13935370.0,1.1751,4.7273,1.175120885,10.178060501681,股票型基金,规模指数股票型基金,28799200.0,28799200.0
2022-12-23,民生加银沪深300ETF,sh515350,4.731,4.699,4.746,4.699,4.722,1631700.0,7697580.0,1.1727,4.7175,1.172684783,5.665782382844,股票型基金,规模指数股票型基金,28799200.0,28799200.0
2022-12-26,民生加银沪深300ETF,sh515350,4.722,4.736,4.755,4.721,4.728,4288200.0,20312979.0,1.1774,4.7366,1.177432696,14.88999694436,股票型基金,规模指数股票型基金,28799200.0,28799200.0
2022-12-27,民生加银沪深300ETF,sh515350,4.728,4.733,4.793,4.733,4.787,3211300.0,15343084.0,1.1918,4.7943,1.1917758676,11.150656962693,股票型基金,规模指数股票型基金,28799200.0,28799200.0
2022-12-28,民生加银沪深300ETF,sh515350,4.787,4.787,4.792,4.752,4.774,4865900.0,23196126.0,1.1869,4.7747,1.1869036637,17.441001892527,股票型基金,规模指数股票型基金,27899200.0,27899200.0
2022-12-29,民生加银沪深300ETF,sh515350,4.774,4.75,4.764,4.727,4.755,3525000.0,16719651.0,1.1825,4.757,1.1825037653,12.634770889488,股票型基金,规模指数股票型基金,27899200.0,27899200.0
2022-12-30,民生加银沪深300ETF,sh515350,4.755,4.784,4.786,4.768,4.775,4179900.0,19968925.0,1.1871,4.7753,1.1870528128,14.982150025807,股票型基金,规模指数股票型基金,27899200.0,27899200.0
2023-01-03,民生加银沪深300ETF,sh515350,4.775,4.747,4.8,4.716,4.793,4296600.0,20348586.0,1.1918,4.7944,1.1918007258,15.913804853477,股票型基金,规模指数股票型基金,26999200.0,26999200.0
2023-01-04,民生加银沪深300ETF,sh515350,4.793,4.786,4.805,4.77,4.795,2916400.0,13965138.0,1.1931,4.7998,1.1931430676,10.80180153486,股票型基金,规模指数股票型基金,26999200.0,26999200.0
2023-01-05,民生加银沪深300ETF,sh515350,4.795,4.81,4.888,4.81,4.881,2391700.0,11648931.0,1.2163,4.8931,1.2163357524,8.8584106195739,股票型基金,规模指数股票型基金,26999200.0,26999200.0
2023-01-06,民生加银沪深300ETF,sh515350,4.881,4.888,4.92,4.887,4.902,2949100.0,14457713.0,1.2202,4.9085,1.2201639126,10.922916234555,股票型基金,规模指数股票型基金,26999200.0,26999200.0
2023-01-09,民生加银沪深300ETF,sh515350,4.902,4.926,4.951,4.918,4.935,3246700.0,16018019.0,1.2299,4.9476,1.2298834621,12.025171116181,股票型基金,规模指数股票型基金,26999200.0,26999200.0
2023-01-10,民生加银沪深300ETF,sh515350,4.935,4.938,4.96,4.927,4.943,2188600.0,10807808.0,1.2313,4.9534,1.2313252367,8.1061661086254,股票型基金,规模指数股票型基金,26999200.0,26999200.0
2023-01-11,民生加银沪深300ETF,sh515350,4.943,4.95,4.969,4.942,4.946,3526000.0,17461372.0,1.2291,4.9446,1.2291377166,13.05964621174,股票型基金,规模指数股票型基金,26999200.0,26999200.0
2023-01-12,民生加银沪深300ETF,sh515350,4.946,4.958,4.962,4.936,4.949,1460700.0,7235924.0,1.2314,4.9539,1.2314495276,5.410160301046,股票型基金,规模指数股票型基金,26999200.0,26999200.0
2023-01-13,民生加银沪深300ETF,sh515350,4.949,4.975,5.022,4.963,5.021,3292000.0,16401328.0,1.2483,5.0218,1.2483282339,12.1929538653,股票型基金,规模指数股票型基金,26999200.0,26999200.0
2023-01-16,民生加银沪深300ETF,sh515350,5.021,5.031,5.147,5.029,5.092,2862300.0,14610787.0,1.268,5.1008,1.2679661985,10.601425227414,股票型基金,规模指数股票型基金,26999200.0,26999200.0
2023-01-17,民生加银沪深300ETF,sh515350,5.092,5.102,5.11,5.078,5.093,1310500.0,6676676.0,1.2677,5.0996,1.2676679003,4.853847521408,股票型基金,规模指数股票型基金,26999200.0,26999200.0
2023-01-18,民生加银沪深300ETF,sh515350,5.093,5.107,5.107,5.08,5.083,2670800.0,13599731.0,1.2655,5.0908,1.2654803802,9.892144952443,股票型基金,规模指数股票型基金,26999200.0,26999200.0
2023-01-19,民生加银沪深300ETF,sh515350,5.083,5.084,5.122,5.064,5.122,2961700.0,15055591.0,1.2731,5.1215,1.2731118423,10.969584283979,股票型基金,规模指数股票型基金,26999200.0,26999200.0
2023-01-20,民生加银沪深300ETF,sh515350,5.122,5.158,5.158,5.075,5.142,3768300.0,19364431.0,1.2806,5.1516,1.2805941554,13.957080209784,股票型基金,规模指数股票型基金,26999200.0,26999200.0
2023-01-30,民生加银沪深300ETF,sh515350,5.142,5.2,5.262,5.155,5.165,4291700.0,22293423.0,1.2864,5.1748,1.2863612539,15.89565616759,股票型基金,规模指数股票型基金,26999200.0,26999200.0
2023-01-31,民生加银沪深300ETF,sh515350,5.165,5.18,5.187,5.112,5.122,2815800.0,14520060.0,1.273,5.1211,1.2730124096,10.42919790216,股票型基金,规模指数股票型基金,26999200.0,26999200.0
2023-02-01,民生加银沪深300ETF,sh515350,5.122,5.122,5.157,5.097,5.155,2335900.0,11976234.0,1.2847,5.1681,1.2846957556,8.651737829269,股票型基金,规模指数股票型基金,26999200.0,26999200.0
2023-02-02,民生加银沪深300ETF,sh515350,5.155,5.168,5.168,5.127,5.15,2762200.0,14217964.0,1.2803,5.1505,1.2803207154,10.961459093939,股票型基金,规模指数股票型基金,25199200.0,25199200.0
2023-02-03,民生加银沪深300ETF,sh515350,5.15,5.145,5.145,5.057,5.106,3867600.0,19665845.0,1.2683,5.1023,1.2683390712,15.916573385132,股票型基金,规模指数股票型基金,24299200.0,24299200.0
2023-02-06,民生加银沪深300ETF,sh515350,5.106,5.1,5.1,5.01,5.032,2636600.0,13264577.0,1.2515,5.0346,1.2515100813,10.850562981497,股票型基金,规模指数股票型基金,24299200.0,24299200.0
2023-02-07,民生加银沪深300ETF,sh515350,5.032,5.037,5.048,5.023,5.044,2131800.0,10736602.0,1.2538,5.0437,1.253772176,8.7731283334431,股票型基金,规模指数股票型基金,24299200.0,24299200.0
2023-02-08,民生加银沪深300ETF,sh515350,5.044,5.053,5.064,5.019,5.02,1458200.0,7355050.0,1.2483,5.0217,1.2483033757,6.001020609732,股票型基金,规模指数股票型基金,24299200.0,24299200.0
2023-02-09,民生加银沪深300ETF,sh515350,5.02,5.026,5.092,5.026,5.083,2355200.0,11930113.0,1.2652,5.0896,1.265182082,9.6925001646145,股票型基金,规模指数股票型基金,24299200.0,24299200.0
2023-02-10,民生加银沪深300ETF,sh515350,5.083,5.082,5.082,5.037,5.058,2277400.0,11509534.0,1.2574,5.0584,1.2574263289,9.3723250148153,股票型基金,规模指数股票型基金,24299200.0,24299200.0
2023-02-13,民生加银沪深300ETF,sh515350,5.058,5.057,5.095,5.0,5.089,2521300.0,12763418.0,1.2688,5.1043,1.2688362349,10.37606176335,股票型基金,规模指数股票型基金,24299200.0,24299200.0
2023-02-14,民生加银沪深300ETF,sh515350,5.089,5.089,5.106,5.073,5.104,3207300.0,16310220.0,1.2696,5.1072,1.2695571222,13.199199973662,股票型基金,规模指数股票型基金,24299200.0,24299200.0
2023-02-15,民生加银沪深300ETF,sh515350,5.104,5.108,5.109,5.067,5.08,1861300.0,9451336.0,1.263,5.0807,1.2629697037,7.6599229604267,股票型基金,规模指数股票型基金,24299200.0,24299200.0
2023-02-16,民生加银沪深300ETF,sh515350,5.08,5.08,5.137,5.025,5.044,3530400.0,18053194.0,1.254,5.0448,1.254045616,14.528873378547,股票型基金,规模指数股票型基金,24299200.0,24299200.0
2023-02-17,民生加银沪深300ETF,sh515350,5.044,5.05,5.055,4.986,4.987,5321400.0,26803078.0,1.236,4.9724,1.2360482915,20.389130701324,股票型基金,规模指数股票型基金,26099200.0,26099200.0
2023-02-20,民生加银沪深300ETF,sh515350,4.987,4.987,5.096,4.968,5.092,3802800.0,19072789.0,1.2658,5.0919,1.2657538202,14.570561549779,股票型基金,规模指数股票型基金,26099200.0,26099200.0
2023-02-21,民生加银沪深300ETF,sh515350,5.092,5.087,5.11,5.074,5.103,2134100.0,10879527.0,1.2689,5.1045,1.2688859512,8.1768789847965,股票型基金,规模指数股票型基金,26099200.0,26099200.0
2023-02-22,民生加银沪深300ETF,sh515350,5.103,5.103,5.103,5.048,5.053,2418028.0,12241921.0,1.2577,5.0597,1.2577494853,9.264759073075,股票型基金,规模指数股票型基金,26099200.0,26099200.0
2023-02-23,民生加银沪深300ETF,sh515350,5.053,5.05,5.081,5.033,5.049,2269500.0,11486848.0,1.2568,5.0559,1.2568048743,8.6956688327612,股票型基金,规模指数股票型基金,26099200.0,26099200.0
2023-02-24,民生加银沪深300ETF,sh515350,5.049,5.039,5.039,4.987,4.999,4023500.0,20171313.0,1.2439,5.004,1.2439034773,15.416181338892,股票型基金,规模指数股票型基金,26099200.0,26099200.0
2023-02-27,民生加银沪深300ETF,sh515350,4.999,5.002,5.002,4.9,4.982,3306300.0,16476555.0,1.2391,4.9846,1.2390809898,12.668204389407,股票型基金,规模指数股票型基金,26099200.0,26099200.0
2023-02-28,民生加银沪深300ETF,sh515350,4.982,5.014,5.025,4.96,5.025,3059400.0,15265514.0,1.2467,5.0151,1.2466627356,11.72219838156,股票型基金,规模指数股票型基金,26099200.0,26099200.0
2023-03-01,民生加银沪深300ETF,sh515350,5.025,4.976,5.089,4.976,5.079,2277000.0,11519976.0,1.2641,5.0853,1.2641131801,8.7244053457577,股票型基金,规模指数股票型基金,26099200.0,26099200.0
2023-03-02,民生加银沪深300ETF,sh515350,5.079,5.081,5.09,5.069,5.074,2809700.0,14265216.0,1.2613,5.0738,1.2612544891,10.765464075527,股票型基金,规模指数股票型基金,26099200.0,26099200.0
2023-03-03,民生加银沪深300ETF,sh515350,5.074,5.08,5.09,5.059,5.083,1499500.0,7613407.0,1.2651,5.0891,1.2650577911,5.7453868317803,股票型基金,规模指数股票型基金,26099200.0,26099200.0
2023-03-06,民生加银沪深300ETF,sh515350,5.083,5.075,5.076,5.029,5.051,1989600.0,10047597.0,1.2584,5.0622,1.2583709398,7.6232221677293,股票型基金,规模指数股票型基金,26099200.0,26099200.0
2023-03-07,民生加银沪深300ETF,sh515350,5.051,5.04,5.069,4.979,4.983,3002000.0,15095389.0,1.2402,4.989,1.2401747499,11.502268268759,股票型基金,规模指数股票型基金,26099200.0,26099200.0
2023-03-08,民生加银沪深300ETF,sh515350,4.983,4.983,4.983,4.943,4.964,4112400.0,20400301.0,1.2355,4.9701,1.2354765533,15.756804806278,股票型基金,规模指数股票型基金,26099200.0,26099200.0
2023-03-09,民生加银沪深300ETF,sh515350,4.964,4.961,4.973,4.924,4.946,4387400.0,21750682.0,1.2319,4.9556,1.2318721167,16.810476949485,股票型基金,规模指数股票型基金,26099200.0,26099200.0
2023-03-10,民生加银沪深300ETF,sh515350,4.946,4.939,4.939,4.882,4.885,3623500.0,17784818.0,1.216,4.8919,1.2160374542,13.883567312408,股票型基金,规模指数股票型基金,26099200.0,26099200.0
2023-03-13,民生加银沪深300ETF,sh515350,4.885,4.88,4.939,4.88,4.936,3256829.0,16024755.0,1.2283,4.9412,1.2282925384,12.478654518146,股票型基金,规模指数股票型基金,26099200.0,26099200.0
2023-03-14,民生加银沪深300ETF,sh515350,4.936,4.923,4.928,4.868,4.91,4428500.0,21729164.0,1.2212,4.9125,1.2211582399,16.967953040706,股票型基金,规模指数股票型基金,26099200.0,26099200.0
2023-03-15,民生加银沪深300ETF,sh515350,4.91,4.946,4.949,4.91,4.912,2026100.0,9984761.0,1.2218,4.9149,1.2217548363,7.7630731976459,股票型基金,规模指数股票型基金,26099200.0,26099200.0
2023-03-16,民生加银沪深300ETF,sh515350,4.912,4.9,4.9,4.854,4.854,2257800.0,11023754.0,1.2074,4.857,1.2073619483,8.6508398724865,股票型基金,规模指数股票型基金,26099200.0,26099200.0
2023-03-17,民生加银沪深300ETF,sh515350,4.854,4.89,4.934,4.854,4.881,5701300.0,28003184.0,1.2133,4.8807,1.2132533377,20.435352985032,股票型基金,规模指数股票型基金,27899200.0,27899200.0
2023-03-20,民生加银沪深300ETF,sh515350,4.881,4.888,4.904,4.846,4.851,5355200.0,26150288.0,1.2076,4.858,1.2076105301,18.594960971138,股票型基金,规模指数股票型基金,28799200.0,28799200.0
2023-03-21,民生加银沪深300ETF,sh515350,4.851,4.847,4.901,4.847,4.901,4050800.0,19813085.0,1.2207,4.9106,1.2206859344,14.065668490791,股票型基金,规模指数股票型基金,28799200.0,28799200.0
2023-03-22,民生加银沪深300ETF,sh515350,4.901,4.912,4.942,4.908,4.921,5580200.0,27450514.0,1.2259,4.9314,1.2258564365,19.37623267313,股票型基金,规模指数股票型基金,28799200.0,28799200.0
2023-03-23,民生加银沪深300ETF,sh515350,4.921,4.915,4.97,4.915,4.966,2368400.0,11713856.0,1.2377,4.979,1.2376889316,8.2238395510986,股票型基金,规模指数股票型基金,28799200.0,28799200.0
2023-03-24,民生加银沪深300ETF,sh515350,4.966,4.961,4.968,4.952,4.963,1465791.0,7267958.0,1.2341,4.9647,1.2341342114,5.0896934637073,股票型基金,规模指数股票型基金,28799200.0,28799200.0
2023-03-27,民生加银沪深300ETF,sh515350,4.963,4.958,4.958,4.917,4.937,2908200.0,14344363.0,1.2296,4.9465,1.2296100221,10.098197172144,股票型基金,规模指数股票型基金,28799200.0,28799200.0
2023-03-28,民生加银沪深300ETF,sh515350,4.937,4.95,4.951,4.922,4.93,1564000.0,7713708.0,1.2258,4.9312,1.2258067201,5.4307064085113,股票型基金,规模指数股票型基金,28799200.0,28799200.0
2023-03-29,民生加银沪深300ETF,sh515350,4.93,4.948,4.949,4.928,4.933,2163200.0,10679466.0,1.2281,4.9405,1.2281185311,7.5113197588822,股票型基金,规模指数股票型基金,28799200.0,28799200.0
2023-03-30,民生加银沪深300ETF,sh515350,4.933,4.95,4.983,4.916,4.983,3007600.0,14899367.0,1.238,4.9803,1.2380120879,10.44334564849,股票型基金,规模指数股票型基金,28799200.0,28799200.0
2023-03-31,民生加银沪深300ETF,sh515350,4.983,4.985,5.003,4.984,4.996,1705200.0,8509948.0,1.2414,4.994,1.241417659,5.9209978054946,股票型基金,规模指数股票型基金,28799186.0,28799200.0
2023-04-03,民生加银沪深300ETF,sh515350,4.996,4.996,5.042,4.996,5.031,4042000.0,20275238.0,1.2534,5.0421,1.253374445,14.035112086447,股票型基金,规模指数股票型基金,28799200.0,28799200.0
2023-04-04,民生加银沪深300ETF,sh515350,5.031,5.029,5.06,5.027,5.06,2189800.0,11021381.0,1.2581,5.061,1.2580726416,7.8489705798016,股票型基金,规模指数股票型基金,27899200.0,27899200.0
2023-04-06,民生加银沪深300ETF,sh515350,5.06,5.035,5.05,5.034,5.046,1270200.0,6404284.0,1.256,5.0526,1.2559845543,4.5528187188163,股票型基金,规模指数股票型基金,27899200.0,27899200.0
2023-04-07,民生加银沪深300ETF,sh515350,5.046,5.061,5.092,5.056,5.083,1187400.0,6029618.0,1.2643,5.0862,1.2643369037,4.2560360153696,股票型基金,规模指数股票型基金,27899200.0,27899200.0
2023-04-10,民生加银沪深300ETF,sh515350,5.083,5.088,5.088,5.062,5.065,1521600.0,7713395.0,1.2591,5.0653,1.2591415435,5.4539198256581,股票型基金,规模指数股票型基金,27899200.0,27899200.0
2023-04-11,民生加银沪深300ETF,sh515350,5.065,5.066,5.074,5.035,5.052,3248500.0,16451050.0,1.2577,5.0593,1.2576500525,11.643703045249,股票型基金,规模指数股票型基金,27899200.0,27899200.0
2023-04-12,民生加银沪深300ETF,sh515350,5.052,5.051,5.055,5.039,5.048,2020400.0,10200335.0,1.2567,5.0555,1.2567054416,7.2417847106727,股票型基金,规模指数股票型基金,27899200.0,27899200.0
2023-04-13,民生加银沪深300ETF,sh515350,5.048,5.046,5.046,5.006,5.021,2310800.0,11602843.0,1.2482,5.0214,1.2482288012,8.2826747720365,股票型基金,规模指数股票型基金,27899200.0,27899200.0
2023-04-14,民生加银沪深300ETF,sh515350,5.021,5.029,5.05,5.026,5.038,1027500.0,5172962.0,1.2551,5.0492,1.255139376,3.6829013018294,股票型基金,规模指数股票型基金,27899200.0,27899200.0
2023-04-17,民生加银沪深300ETF,sh515350,5.038,5.035,5.115,5.035,5.115,3005100.0,15222625.0,1.2725,5.119,1.2724903878,11.130329787549,股票型基金,规模指数股票型基金,26999200.0,26999200.0
2023-04-18,民生加银沪深300ETF,sh515350,5.115,5.115,5.134,5.113,5.122,2266500.0,11609652.0,1.2764,5.1346,1.2763682643,8.3946931760941,股票型基金,规模指数股票型基金,26999200.0,26999200.0
2023-04-19,民生加银沪深300ETF,sh515350,5.122,5.116,5.123,5.083,5.084,2187000.0,11183374.0,1.2655,5.0909,1.2655052383,8.1002400071113,股票型基金,规模指数股票型基金,26999200.0,26999200.0
2023-04-20,民生加银沪深300ETF,sh515350,5.084,5.087,5.092,5.059,5.068,3572800.0,18109771.0,1.2619,5.0764,1.2619008018,12.806101967081,股票型基金,规模指数股票型基金,27899200.0,27899200.0
2023-04-21,民生加银沪深300ETF,sh515350,5.068,5.068,5.068,4.979,4.981,1845000.0,9256960.0,1.2376,4.9787,1.237614357,6.6130928485405,股票型基金,规模指数股票型基金,27899200.0,27899200.0
2023-04-24,民生加银沪深300ETF,sh515350,4.981,4.981,4.981,4.898,4.921,1415500.0,7008970.0,1.2221,4.9163,1.2221028508,5.0736221827149,股票型基金,规模指数股票型基金,27899200.0,27899200.0
2023-04-25,民生加银沪深300ETF,sh515350,4.921,4.921,4.921,4.855,4.895,2472000.0,12078150.0,1.2162,4.8927,1.2162363196,8.860469117394,股票型基金,规模指数股票型基金,27899200.0,27899200.0
2023-04-26,民生加银沪深300ETF,sh515350,4.895,4.905,4.905,4.866,4.882,2365500.0,11543252.0,1.2155,4.8898,1.2155154323,8.2137698269396,股票型基金,规模指数股票型基金,28799200.0,28799200.0
2023-04-27,民生加银沪深300ETF,sh515350,4.882,4.883,4.941,4.883,4.922,2205400.0,10812932.0,1.2244,4.9257,1.22443952,7.6578516069891,股票型基金,规模指数股票型基金,28799200.0,28799200.0
2023-04-28,民生加银沪深300ETF,sh515350,4.922,4.947,4.973,4.946,4.97,2361200.0,11711531.0,1.2368,4.9754,1.236794037,8.1988388566349,股票型基金,规模指数股票型基金,28799200.0,28799200.0
2023-05-04,民生加银沪深300ETF,sh515350,4.97,4.97,4.974,4.936,4.972,3077100.0,15265576.0,1.237,4.9761,1.2369680443,11.029348511785,股票型基金,规模指数股票型基金,27899200.0,27899200.0
2023-05-05,民生加银沪深300ETF,sh515350,4.972,4.972,4.985,4.933,4.95,3534900.0,17573653.0,1.2328,4.9594,1.2328167277,12.670255777943,股票型基金,规模指数股票型基金,27899200.0,27899200.0
2023-05-08,民生加银沪深300ETF,sh515350,4.95,4.97,5.012,4.955,5.006,3481300.0,17376424.0,1.2464,5.014,1.2463892956,12.894085750689,股票型基金,规模指数股票型基金,26999200.0,26999200.0
2023-05-09,民生加银沪深300ETF,sh515350,5.006,5.002,5.036,4.965,4.969,2852400.0,14256935.0,1.236,4.9724,1.2360482915,10.564757474296,股票型基金,规模指数股票型基金,26999200.0,26999200.0
2023-05-10,民生加银沪深300ETF,sh515350,4.969,4.958,4.958,4.924,4.93,2880500.0,14211771.0,1.2263,4.933,1.2262541674,10.668834632137,股票型基金,规模指数股票型基金,26999200.0,26999200.0
2023-05-11,民生加银沪深300ETF,sh515350,4.93,4.93,4.948,4.917,4.92,2763481.0,13624896.0,1.2245,4.9258,1.2244643782,10.235418086462,股票型基金,规模指数股票型基金,26999200.0,26999200.0
2023-05-12,民生加银沪深300ETF,sh515350,4.92,4.92,4.931,4.86,4.86,3153000.0,15501194.0,1.2085,4.8615,1.2084805665,11.678123796261,股票型基金,规模指数股票型基金,26999200.0,26999200.0
2023-05-15,民生加银沪深300ETF,sh515350,4.86,4.857,4.933,4.848,4.931,3495800.0,17057808.0,1.2271,4.9366,1.227149062,12.947791045661,股票型基金,规模指数股票型基金,26999200.0,26999200.0
2023-05-16,民生加银沪深300ETF,sh515350,4.931,4.936,4.938,4.901,4.91,1514500.0,7451108.0,1.221,4.912,1.221033949,5.6094254644582,股票型基金,规模指数股票型基金,26999200.0,26999200.0
2023-05-17,民生加银沪深300ETF,sh515350,4.91,4.904,4.905,4.87,4.884,2812100.0,13741704.0,1.2156,4.8901,1.2155900069,10.415493792409,股票型基金,规模指数股票型基金,26999200.0,26999200.0
2023-05-18,民生加银沪深300ETF,sh515350,4.884,4.88,4.911,4.857,4.877,4140100.0,20264805.0,1.2144,4.8852,1.2143719559,15.334158049127,股票型基金,规模指数股票型基金,26999200.0,26999200.0
2023-05-19,民生加银沪深300ETF,sh515350,4.877,4.85,4.895,4.847,4.871,2218000.0,10803840.0,1.2113,4.8729,1.2113143994,8.2150582239474,股票型基金,规模指数股票型基金,26999200.0,26999200.0
2023-05-22,民生加银沪深300ETF,sh515350,4.871,4.871,4.92,4.857,4.894,3408700.0,16636416.0,1.2188,4.9032,1.2188464289,13.060553580186,股票型基金,规模指数股票型基金,26099200.0,26099200.0
2023-05-23,民生加银沪深300ETF,sh515350,4.894,4.896,4.905,4.828,4.828,2410100.0,11676761.0,1.2019,4.8349,1.2018682899,9.5641925140481,股票型基金,规模指数股票型基金,25199200.0,25199200.0
2023-05-24,民生加银沪深300ETF,sh515350,4.828,4.828,4.828,4.763,4.766,1702700.0,8147314.0,1.1857,4.7698,1.1856856127,7.2767445040856,股票型基金,规模指数股票型基金,23399200.0,23399200.0
2023-05-25,民生加银沪深300ETF,sh515350,4.766,4.76,4.768,4.72,4.755,1606400.0,7638013.0,1.1827,4.7577,1.1826777726,6.8651919723751,股票型基金,规模指数股票型基金,23399200.0,23399200.0
2023-05-26,民生加银沪深300ETF,sh515350,4.755,4.743,4.765,4.71,4.752,817000.0,3874712.0,1.1833,4.7601,1.183274369,3.4915723614483,股票型基金,规模指数股票型基金,23399200.0,23399200.0
2023-05-29,民生加银沪深300ETF,sh515350,4.752,4.776,4.776,4.719,4.742,1220700.0,5782575.0,1.1781,4.7392,1.1780790087,5.2168450203426,股票型基金,规模指数股票型基金,23399200.0,23399200.0
2023-05-30,民生加银沪深300ETF,sh515350,4.742,4.736,4.748,4.68,4.733,1459700.0,6909830.0,1.1792,4.7438,1.1792224852,6.2382474614517,股票型基金,规模指数股票型基金,23399200.0,23399200.0
2023-05-31,民生加银沪深300ETF,sh515350,4.733,4.717,4.718,4.675,4.703,1180700.0,5545090.0,1.1679,4.6982,1.1678871537,5.0458990050942,股票型基金,规模指数股票型基金,23399200.0,23399200.0
2023-06-01,民生加银沪深300ETF,sh515350,4.703,4.699,4.744,4.699,4.706,659300.0,3114526.0,1.1712,4.7114,1.1711684339,2.8176176963315,股票型基金,规模指数股票型基金,23399200.0,23399200.0
2023-06-02,民生加银沪深300ETF,sh515350,4.706,4.74,4.78,4.738,4.77,669500.0,3191557.0,1.1881,4.7794,1.1880719983,2.8612089302198,股票型基金,规模指数股票型基金,23399200.0,23399200.0
2023-06-05,民生加银沪深300ETF,sh515350,4.77,4.77,4.77,4.737,4.751,1097000.0,5214001.0,1.1825,4.7569,1.1824789071,4.6881944681869,股票型基金,规模指数股票型基金,23399200.0,23399200.0
2023-06-06,民生加银沪深300ETF,sh515350,4.751,4.741,4.782,4.7,4.707,1190700.0,5660014.0,1.1717,4.7137,1.1717401721,5.0886355089063,股票型基金,规模指数股票型基金,23399200.0,23399200.0
2023-06-07,民生加银沪深300ETF,sh515350,4.707,4.722,4.726,4.68,4.694,930600.0,4379157.0,1.166,4.6906,1.1659979318,3.9770590447537,股票型基金,规模指数股票型基金,23399200.0,23399200.0
2023-06-08,民生加银沪深300ETF,sh515350,4.694,4.68,4.738,4.677,4.721,919500.0,4324759.0,1.1753,4.7281,1.1753197504,3.9296215255222,股票型基金,规模指数股票型基金,23399200.0,23399200.0
2023-06-09,民生加银沪深300ETF,sh515350,4.721,4.741,4.752,4.722,4.752,711300.0,3368811.0,1.1809,4.7507,1.1809376998,3.0398475161544,股票型基金,规模指数股票型基金,23399200.0,23399200.0
2023-06-12,民生加银沪深300ETF,sh515350,4.752,4.735,4.778,4.735,4.757,1187400.0,5637026.0,1.1834,4.7606,1.1833986599,5.0745324626483,股票型基金,规模指数股票型基金,23399200.0,23399200.0
2023-06-13,民生加银沪深300ETF,sh515350,4.757,4.758,4.79,4.756,4.787,884300.0,4214791.0,1.19,4.7873,1.1900357948,3.7791890321037,股票型基金,规模指数股票型基金,23399200.0,23399200.0
2023-06-14,民生加银沪深300ETF,sh515350,4.787,4.796,4.817,4.785,4.786,365200.0,1750678.0,1.1913,4.7925,1.1913284203,1.5607371192178,股票型基金,规模指数股票型基金,23399200.0,23399200.0
2023-06-15,民生加银沪深300ETF,sh515350,4.786,4.782,4.863,4.782,4.863,782200.0,3772033.0,1.2103,4.869,1.2103449303,3.3428493281822,股票型基金,规模指数股票型基金,23399200.0,23399200.0
2023-06-16,民生加银沪深300ETF,sh515350,4.863,4.878,4.918,4.872,4.905,659100.0,3223468.0,1.2224,4.9175,1.222401149,2.8167629662553,股票型基金,规模指数股票型基金,23399200.0,23399200.0
2023-06-19,民生加银沪深300ETF,sh515350,4.905,4.907,4.907,4.874,4.876,925000.0,4518457.0,1.2137,4.8823,1.2136510686,3.9531266026189,股票型基金,规模指数股票型基金,23399200.0,23399200.0
2023-06-20,民生加银沪深300ETF,sh515350,4.876,4.864,4.884,4.86,4.866,428900.0,2089210.0,1.2118,4.875,1.2118364213,1.8329686485008,股票型基金,规模指数股票型基金,23399200.0,23399200.0
2023-06-21,民生加银沪深300ETF,sh515350,4.866,4.854,4.86,4.8,4.801,558300.0,2702555.0,1.1946,4.8057,1.1946097004,2.3859790078293,股票型基金,规模指数股票型基金,23399200.0,23399200.0
2023-06-26,民生加银沪深300ETF,sh515350,4.801,4.795,4.795,4.734,4.742,985900.0,4692202.0,1.1782,4.7397,1.1782032997,4.2133919108346,股票型基金,规模指数股票型基金,23399200.0,23399200.0
2023-06-27,民生加银沪深300ETF,sh515350,4.742,4.748,4.79,4.741,4.781,1482800.0,7073024.0,1.19,4.7871,1.1899860784,6.5904565495662,股票型基金,规模指数股票型基金,22499200.0,22499200.0
2023-06-28,民生加银沪深300ETF,sh515350,4.781,4.781,4.784,4.75,4.782,526000.0,2511489.0,1.1896,4.7857,1.1896380638,2.2479401005163,股票型基金,规模指数股票型基金,23399200.0,23399200.0
2023-06-29,民生加银沪深300ETF,sh515350,4.782,4.78,4.785,4.753,4.77,1579400.0,7539062.0,1.1844,4.7648,1.1844427036,6.7498034120825,股票型基金,规模指数股票型基金,23399200.0,23399200.0
2023-06-30,民生加银沪深300ETF,sh515350,4.77,4.762,4.817,4.762,4.793,1081800.0,5185140.0,1.1922,4.796,1.1921984567,4.6232349823926,股票型基金,规模指数股票型基金,23399186.0,23399200.0
2023-07-03,民生加银沪深300ETF,sh515350,4.793,4.838,4.862,4.829,4.848,617600.0,2992214.0,1.2077,4.8582,1.2076602465,2.6394064754351,股票型基金,规模指数股票型基金,23399200.0,23399200.0
2023-07-04,民生加银沪深300ETF,sh515350,4.848,4.848,4.86,4.842,4.856,248300.0,1205512.0,1.2095,4.8655,1.2094748939,1.0611473896543,股票型基金,规模指数股票型基金,23399200.0,23399200.0
2023-07-05,民生加银沪深300ETF,sh515350,4.856,4.85,4.856,4.817,4.828,980700.0,4741711.0,1.2008,4.8306,1.200799388,4.1911689288523,股票型基金,规模指数股票型基金,23399200.0,23399200.0
2023-07-06,民生加银沪深300ETF,sh515350,4.828,4.803,4.837,4.784,4.794,296700.0,1427556.0,1.193,4.7994,1.1930436349,1.2679920681049,股票型基金,规模指数股票型基金,23399200.0,23399200.0
2023-07-07,民生加银沪深300ETF,sh515350,4.794,4.78,4.792,4.766,4.779,1169400.0,5593957.0,1.1881,4.7794,1.1880719983,5.1975181339781,股票型基金,规模指数股票型基金,22499200.0,22499200.0
2023-07-10,民生加银沪深300ETF,sh515350,4.779,4.8,4.828,4.785,4.8,325300.0,1563309.0,1.1938,4.8025,1.1938142386,1.3902184690075,股票型基金,规模指数股票型基金,23399200.0,23399200.0
2023-07-11,民生加银沪深300ETF,sh515350,4.8,4.805,4.833,4.805,4.828,1458700.0,7040551.0,1.2017,4.8342,1.2016942826,6.2339738110705,股票型基金,规模指数股票型基金,23399200.0,23399200.0
2023-07-12,民生加银沪深300ETF,sh515350,4.828,4.826,4.836,4.795,4.804,783800.0,3778118.0,1.1952,4.8082,1.195231155,3.3496871687921,股票型基金,规模指数股票型基金,23399200.0,23399200.0
2023-07-13,民生加银沪深300ETF,sh515350,4.804,4.842,4.89,4.842,4.882,585619.0,2852490.0,1.2141,4.8843,1.2141482323,2.5027308625936,股票型基金,规模指数股票型基金,23399200.0,23399200.0
2023-07-14,民生加银沪深300ETF,sh515350,4.882,4.894,4.894,4.881,4.882,98600.0,481807.0,1.2147,4.8865,1.2146951123,0.42138192758727,股票型基金,规模指数股票型基金,23399200.0,23399200.0
2023-07-17,民生加银沪深300ETF,sh515350,4.882,4.852,4.852,4.83,4.844,724700.0,3509971.0,1.2062,4.8525,1.2062433301,3.0971144312626,股票型基金,规模指数股票型基金,23399200.0,23399200.0
2023-07-18,民生加银沪深300ETF,sh515350,4.844,4.843,4.854,4.823,4.841,1474500.0,7141631.0,1.2036,4.8417,1.2035586463,6.3014974870936,股票型基金,规模指数股票型基金,23399200.0,23399200.0
2023-07-19,民生加银沪深300ETF,sh515350,4.841,4.84,4.845,4.816,4.837,1311100.0,6336836.0,1.2024,4.8371,1.2024151699,5.6031830148039,股票型基金,规模指数股票型基金,23399200.0,23399200.0
2023-07-20,民生加银沪深300ETF,sh515350,4.837,4.865,4.867,4.797,4.804,948100.0,4598469.0,1.1944,4.8049,1.194410835,4.0518479264248,股票型基金,规模指数股票型基金,23399200.0,23399200.0
2023-07-21,民生加银沪深300ETF,sh515350,4.804,4.802,4.836,4.79,4.806,459600.0,2210587.0,1.1946,4.8058,1.1946345586,1.9641697152039,股票型基金,规模指数股票型基金,23399200.0,23399200.0
2023-07-24,民生加银沪深300ETF,sh515350,4.806,4.806,4.81,4.774,4.783,279700.0,1340907.0,1.1893,4.7843,1.1892900493,1.1953400116243,股票型基金,规模指数股票型基金,23399200.0,23399200.0
2023-07-25,民生加银沪深300ETF,sh515350,4.783,4.782,4.918,4.782,4.917,763800.0,3733759.0,1.2234,4.9215,1.2233954763,3.2642141611679,股票型基金,规模指数股票型基金,23399200.0,23399200.0
2023-07-26,民生加银沪深300ETF,sh515350,4.917,4.91,4.92,4.899,4.91,313400.0,1539220.0,1.2212,4.9127,1.2212079562,1.3393620294711,股票型基金,规模指数股票型基金,23399200.0,23399200.0
2023-07-27,民生加银沪深300ETF,sh515350,4.91,4.913,4.934,4.894,4.906,1602429.0,7887889.0,1.2197,4.9067,1.2197164653,7.1221598990186,股票型基金,规模指数股票型基金,22499200.0,22499200.0
2023-07-28,民生加银沪深300ETF,sh515350,4.906,4.898,5.037,4.894,5.023,1693500.0,8451735.0,1.2485,5.0224,1.248477383,7.526934290997,股票型基金,规模指数股票型基金,22499200.0,22499200.0
2023-07-31,民生加银沪深300ETF,sh515350,5.023,5.06,5.119,5.039,5.052,2840842.0,14439338.0,1.2552,5.0495,1.2552139506,12.140765496256,股票型基金,规模指数股票型基金,23399200.0,23399200.0
2023-08-01,民生加银沪深300ETF,sh515350,5.052,5.036,5.066,5.02,5.028,581000.0,2928874.0,1.25,5.0285,1.2499937322,2.4829908714828,股票型基金,规模指数股票型基金,23399200.0,23399200.0
2023-08-02,民生加银沪深300ETF,sh515350,5.028,5.019,5.03,4.978,4.993,1735300.0,8672473.0,1.2413,4.9935,1.2412933681,7.416065506513,股票型基金,规模指数股票型基金,23399200.0,23399200.0
2023-08-03,民生加银沪深300ETF,sh515350,4.993,5.0,5.026,4.983,5.026,1689700.0,8456282.0,1.2519,5.0361,1.2518829541,7.2211870491299,股票型基金,规模指数股票型基金,23399200.0,23399200.0
2023-08-04,民生加银沪深300ETF,sh515350,5.026,5.036,5.101,5.036,5.054,1528897.0,7757438.0,1.2571,5.057,1.2570783143,6.5339712468802,股票型基金,规模指数股票型基金,23399200.0,23399200.0
2023-08-07,民生加银沪深300ETF,sh515350,5.054,5.035,5.035,5.009,5.024,588800.0,2956957.0,1.2474,5.0182,1.2474333393,2.5163253444562,股票型基金,规模指数股票型基金,23399200.0,23399200.0
2023-08-08,民生加银沪深300ETF,sh515350,5.024,5.004,5.031,4.992,5.012,1291500.0,6465568.0,1.2443,5.0055,1.2442763501,5.5194194673322,股票型基金,规模指数股票型基金,23399200.0,23399200.0
2023-08-09,民生加银沪深300ETF,sh515350,5.012,5.004,5.01,4.988,4.995,2819800.0,14102853.0,1.241,4.9923,1.2409950699,11.190037778977,股票型基金,规模指数股票型基金,25199200.0,25199200.0
2023-08-10,民生加银沪深300ETF,sh515350,4.995,5.001,5.001,4.958,4.995,1007400.0,5016774.0,1.2435,5.0023,1.2434808882,3.9977459601892,股票型基金,规模指数股票型基金,25199200.0,25199200.0
2023-08-11,民生加银沪深300ETF,sh515350,4.995,4.995,4.995,4.878,4.878,1560400.0,7696049.0,1.2157,4.8904,1.2156645814,6.1922600717483,股票型基金,规模指数股票型基金,25199200.0,25199200.0
2023-08-14,民生加银沪深300ETF,sh515350,4.878,4.856,4.856,4.8,4.85,1164300.0,5617539.0,1.2066,4.8541,1.206641061,4.6203847741198,股票型基金,规模指数股票型基金,25199200.0,25199200.0
2023-08-15,民生加银沪深300ETF,sh515350,4.85,4.847,4.857,4.803,4.846,1979900.0,9595843.0,1.2037,4.8422,1.2036829372,8.1480048725884,股票型基金,规模指数股票型基金,24299200.0,24299200.0
2023-08-16,民生加银沪深300ETF,sh515350,4.846,4.798,4.838,4.798,4.805,1381100.0,6655947.0,1.1951,4.8077,1.1951068641,5.6837262132087,股票型基金,规模指数股票型基金,24299200.0,24299200.0
2023-08-17,民生加银沪深300ETF,sh515350,4.805,4.805,4.83,4.765,4.822,1745400.0,8353373.0,1.1992,4.8241,1.1991836061,7.182952525186,股票型基金,规模指数股票型基金,24299200.0,24299200.0
2023-08-18,民生加银沪深300ETF,sh515350,4.822,4.827,4.833,4.76,4.76,600400.0,2880756.0,1.1852,4.7677,1.1851635909,2.4708632382959,股票型基金,规模指数股票型基金,24299200.0,24299200.0
2023-08-21,民生加银沪深300ETF,sh515350,4.76,4.76,4.76,4.7,4.7,1477700.0,6993058.0,1.1682,4.6996,1.1682351683,6.0812701652729,股票型基金,规模指数股票型基金,24299200.0,24299200.0
2023-08-22,民生加银沪深300ETF,sh515350,4.7,4.708,4.742,4.666,4.729,1452400.0,6830829.0,1.1767,4.7335,1.1766620923,5.9771515111609,股票型基金,规模指数股票型基金,24299200.0,24299200.0
2023-08-23,民生加银沪深300ETF,sh515350,4.729,4.71,4.722,4.658,4.662,1454900.0,6846463.0,1.158,4.6584,1.1579935969,6.2177339396219,股票型基金,规模指数股票型基金,23399200.0,23399200.0
2023-08-24,民生加银沪深300ETF,sh515350,4.662,4.672,4.723,4.67,4.694,792900.0,3713956.0,1.1662,4.6914,1.1661967973,3.3885773872611,股票型基金,规模指数股票型基金,23399200.0,23399200.0
2023-08-25,民生加银沪深300ETF,sh515350,4.694,4.67,4.706,4.662,4.68,586200.0,2741633.0,1.1625,4.6767,1.1625426444,2.5052138534651,股票型基金,规模指数股票型基金,23399200.0,23399200.0
2023-08-28,民生加银沪深300ETF,sh515350,4.68,4.8,4.96,4.717,4.735,1192400.0,5721886.0,1.1761,4.7314,1.1761400705,5.0959007145543,股票型基金,规模指数股票型基金,23399200.0,23399200.0
2023-08-29,民生加银沪深300ETF,sh515350,4.735,4.7,4.805,4.7,4.771,831600.0,3955621.0,1.1879,4.7789,1.1879477074,3.5539676570139,股票型基金,规模指数股票型基金,23399200.0,23399200.0
2023-08-30,民生加银沪深300ETF,sh515350,4.771,4.785,4.798,4.766,4.77,466800.0,2229605.0,1.1875,4.7771,1.1875002601,1.9949399979486,股票型基金,规模指数股票型基金,23399200.0,23399200.0
2023-08-31,民生加银沪深300ETF,sh515350,4.77,4.773,4.776,4.739,4.754,380000.0,1807031.0,1.1805,4.7488,1.1804653943,1.6239871448597,股票型基金,规模指数股票型基金,23399200.0,23399200.0
2023-09-01,民生加银沪深300ETF,sh515350,4.754,4.775,4.793,4.765,4.774,812300.0,3877265.0,1.1887,4.7819,1.1886934529,3.4714862046566,股票型基金,规模指数股票型基金,23399200.0,23399200.0
2023-09-04,民生加银沪深300ETF,sh515350,4.774,4.785,4.855,4.785,4.845,757400.0,3651892.0,1.2064,4.8532,1.2064173374,3.2368627987282,股票型基金,规模指数股票型基金,23399200.0,23399200.0
2023-09-05,民生加银沪深300ETF,sh515350,4.845,4.883,4.883,4.795,4.816,431400.0,2080730.0,1.1976,4.8176,1.1975678242,1.8436527744538,股票型基金,规模指数股票型基金,23399200.0,23399200.0
2023-09-06,民生加银沪深300ETF,sh515350,4.816,4.79,4.812,4.78,4.802,425600.0,2038777.0,1.1951,4.8075,1.1950571477,1.8188656022428,股票型基金,规模指数股票型基金,23399200.0,23399200.0
2023-09-07,民生加银沪深300ETF,sh515350,4.802,4.802,4.802,4.734,4.741,446800.0,2127720.0,1.1785,4.7407,1.1784518815,1.9094669903245,股票型基金,规模指数股票型基金,23399200.0,23399200.0
2023-09-08,民生加银沪深300ETF,sh515350,4.741,4.728,4.728,4.693,4.718,2836400.0,13362643.0,1.1732,4.7195,1.1731819467,13.131967850661,股票型基金,规模指数股票型基金,21599200.0,21599200.0
2023-09-11,民生加银沪深300ETF,sh515350,4.718,4.715,4.77,4.706,4.76,1008300.0,4775746.0,1.1818,4.7541,1.181782878,4.6682284529057,股票型基金,规模指数股票型基金,21599200.0,21599200.0
2023-09-12,民生加银沪深300ETF,sh515350,4.76,4.74,4.754,4.733,4.744,361600.0,1714484.0,1.1796,4.7453,1.1795953579,1.674136079114,股票型基金,规模指数股票型基金,21599200.0,21599200.0
2023-09-13,民生加银沪深300ETF,sh515350,4.744,4.74,4.755,4.69,4.71,510700.0,2417095.0,1.172,4.7147,1.1719887539,2.3644394236824,股票型基金,规模指数股票型基金,21599200.0,21599200.0
2023-09-14,民生加银沪深300ETF,sh515350,4.71,4.715,4.72,4.688,4.706,666800.0,3133915.0,1.1711,4.7112,1.1711187175,3.0871513759769,股票型基金,规模指数股票型基金,21599200.0,21599200.0
2023-09-15,民生加银沪深300ETF,sh515350,4.706,4.706,4.724,4.677,4.684,971200.0,4570305.0,1.1637,4.6814,1.163710979,4.4964628319567,股票型基金,规模指数股票型基金,21599200.0,21599200.0
2023-09-18,民生加银沪深300ETF,sh515350,4.684,4.67,4.72,4.66,4.703,1073100.0,5041865.0,1.1697,4.7053,1.1696520847,4.7695029156592,股票型基金,规模指数股票型基金,22499200.0,22499200.0
2023-09-19,民生加银沪深300ETF,sh515350,4.703,4.674,4.699,4.674,4.697,1452100.0,6804834.0,1.1674,4.6961,1.1673651319,6.4540072535912,股票型基金,规模指数股票型基金,22499200.0,22499200.0
2023-09-20,民生加银沪深300ETF,sh515350,4.697,4.683,4.695,4.678,4.678,306100.0,1434084.0,1.163,4.6784,1.1629652335,1.3604928175224,股票型基金,规模指数股票型基金,22499200.0,22499200.0
2023-09-21,民生加银沪深300ETF,sh515350,4.678,4.687,4.687,4.636,4.638,461100.0,2147945.0,1.1527,4.6371,1.1526988039,2.0494062011094,股票型基金,规模指数股票型基金,22499200.0,22499200.0
2023-09-22,民生加银沪深300ETF,sh515350,4.638,4.63,4.725,4.63,4.725,521900.0,2445556.0,1.1732,4.7195,1.1731819467,2.3196380315745,股票型基金,规模指数股票型基金,22499200.0,22499200.0
2023-09-25,民生加银沪深300ETF,sh515350,4.725,4.707,4.707,4.686,4.694,277200.0,1301358.0,1.1656,4.6892,1.1656499172,1.232043806002,股票型基金,规模指数股票型基金,22499200.0,22499200.0
2023-09-26,民生加银沪深300ETF,sh515350,4.694,4.693,4.694,4.664,4.666,371900.0,1738764.0,1.159,4.6623,1.158963066,1.6529476603613,股票型基金,规模指数股票型基金,22499200.0,22499200.0
2023-09-27,民生加银沪深300ETF,sh515350,4.666,4.67,4.712,4.669,4.681,356029.0,1665994.0,1.1613,4.6718,1.1613245934,1.5824073744844,股票型基金,规模指数股票型基金,22499200.0,22499200.0
2023-09-28,民生加银沪深300ETF,sh515350,4.681,4.682,4.682,4.654,4.658,294100.0,1371351.0,1.1579,4.6579,1.157869306,1.3071575878253,股票型基金,规模指数股票型基金,22499200.0,22499200.0
2023-10-09,民生加银沪深300ETF,sh515350,4.658,4.644,4.655,4.595,4.651,596900.0,2754754.0,1.1559,4.6499,1.1558806513,2.6529832171811,股票型基金,规模指数股票型基金,22499200.0,22499200.0
2023-10-10,民生加银沪深300ETF,sh515350,4.651,4.639,4.666,4.61,4.61,473000.0,2188790.0,1.1473,4.6153,1.14727972,2.102296970559,股票型基金,规模指数股票型基金,22499200.0,22499200.0
2023-10-11,民生加银沪深300ETF,sh515350,4.61,4.611,4.653,4.611,4.627,1069300.0,4958584.0,1.1504,4.628,1.1504367092,4.5698143526274,股票型基金,规模指数股票型基金,23399200.0,23399200.0
2023-10-12,民生加银沪深300ETF,sh515350,4.627,4.654,4.681,4.642,4.67,1594200.0,7426022.0,1.1612,4.6714,1.1612251607,6.8130534377244,股票型基金,规模指数股票型基金,23399200.0,23399200.0
2023-10-13,民生加银沪深300ETF,sh515350,4.67,4.67,4.67,4.611,4.623,805542.0,3726118.0,1.1492,4.623,1.1491938001,3.4426048753804,股票型基金,规模指数股票型基金,23399200.0,23399200.0
2023-10-16,民生加银沪深300ETF,sh515350,4.623,4.62,4.62,4.558,4.571,433700.0,1995770.0,1.1377,4.5769,1.1377341777,1.8534821703306,股票型基金,规模指数股票型基金,23399200.0,23399200.0
2023-10-17,民生加银沪深300ETF,sh515350,4.571,4.57,4.59,4.562,4.59,1570500.0,7189740.0,1.1417,4.5929,1.141711487,6.9802481866022,股票型基金,规模指数股票型基金,22499200.0,22499200.0
2023-10-18,民生加银沪深300ETF,sh515350,4.59,4.575,4.584,4.554,4.557,726500.0,3317709.0,1.1328,4.5571,1.1328122575,3.2290036979093,股票型基金,规模指数股票型基金,22499200.0,22499200.0
2023-10-19,民生加银沪深300ETF,sh515350,4.557,4.557,4.557,4.458,4.46,1018800.0,4599752.0,1.1091,4.4617,1.1090975509,4.52816100128,股票型基金,规模指数股票型基金,22499200.0,22499200.0
2023-10-20,民生加银沪深300ETF,sh515350,4.46,4.45,4.461,4.424,4.437,1374600.0,6112269.0,1.1018,4.4324,1.1018141033,6.1095505617978,股票型基金,规模指数股票型基金,22499200.0,22499200.0
2023-10-23,民生加银沪深300ETF,sh515350,4.437,4.42,4.429,4.35,4.397,1352900.0,5934797.0,1.0905,4.3868,1.0904787718,6.0131026880956,股票型基金,规模指数股票型基金,22499200.0,22499200.0
2023-10-24,民生加银沪深300ETF,sh515350,4.397,4.394,4.414,4.359,4.414,1179485.0,5171234.0,1.0946,4.4035,1.0946300884,5.242341949936,股票型基金,规模指数股票型基金,22499200.0,22499200.0
2023-10-25,民生加银沪深300ETF,sh515350,4.414,4.506,4.506,4.426,4.43,1073600.0,4774965.0,1.1006,4.4276,1.1006209105,4.7717252168966,股票型基金,规模指数股票型基金,22499200.0,22499200.0
2023-10-26,民生加银沪深300ETF,sh515350,4.43,4.416,4.444,4.403,4.444,903900.0,3987407.0,1.1035,4.4393,1.1035293179,4.0174761769307,股票型基金,规模指数股票型基金,22499200.0,22499200.0
2023-10-27,民生加银沪深300ETF,sh515350,4.444,4.426,4.522,4.423,4.506,897800.0,4019730.0,1.1187,4.5004,1.1187176677,3.9903641018347,股票型基金,规模指数股票型基金,22499200.0,22499200.0
2023-10-30,民生加银沪深300ETF,sh515350,4.506,4.519,4.538,4.498,4.534,1103000.0,4991581.0,1.1253,4.5269,1.1253050862,4.9023965296544,股票型基金,规模指数股票型基金,22499200.0,22499200.0
2023-10-31,民生加银沪深300ETF,sh515350,4.534,4.533,4.533,4.491,4.513,580600.0,2617315.0,1.1218,4.5126,1.1217503661,2.5805361968426,股票型基金,规模指数股票型基金,22499200.0,22499200.0
2023-11-01,民生加银沪深300ETF,sh515350,4.513,4.518,4.523,4.499,4.512,659100.0,2972668.0,1.1214,4.5112,1.1214023515,2.9294374911108,股票型基金,规模指数股票型基金,22499200.0,22499200.0
2023-11-02,民生加银沪深300ETF,sh515350,4.512,4.522,4.546,4.496,4.5,624400.0,2827347.0,1.1162,4.4901,1.1161572749,2.7752097852368,股票型基金,规模指数股票型基金,22499200.0,22499200.0
2023-11-03,民生加银沪深300ETF,sh515350,4.5,4.514,4.537,4.507,4.526,603200.0,2724491.0,1.1257,4.5284,1.125677959,2.680984212772,股票型基金,规模指数股票型基金,22499200.0,22499200.0
2023-11-06,民生加银沪深300ETF,sh515350,4.526,4.55,4.591,4.55,4.583,754000.0,3453093.0,1.1405,4.5881,1.1405182942,3.351230265965,股票型基金,规模指数股票型基金,22499200.0,22499200.0
2023-11-07,民生加银沪深300ETF,sh515350,4.583,4.577,4.586,4.56,4.574,412100.0,1886115.0,1.1367,4.5726,1.1366652759,1.8316206798464,股票型基金,规模指数股票型基金,22499200.0,22499200.0
2023-11-08,民生加银沪深300ETF,sh515350,4.574,4.569,4.58,4.539,4.56,490900.0,2240674.0,1.1338,4.5612,1.133831443,2.1818553548571,股票型基金,规模指数股票型基金,22499200.0,22499200.0
2023-11-09,民生加银沪深300ETF,sh515350,4.56,4.561,4.576,4.554,4.562,854700.0,3898203.0,1.1344,4.5636,1.1344280394,3.7988017351728,股票型基金,规模指数股票型基金,22499200.0,22499200.0
2023-11-10,民生加银沪深300ETF,sh515350,4.562,4.543,4.546,4.518,4.529,686500.0,3107399.0,1.1263,4.5309,1.1262994135,3.0512195989191,股票型基金,规模指数股票型基金,22499200.0,22499200.0
2023-11-13,民生加银沪深300ETF,sh515350,4.529,4.529,4.542,4.505,4.526,782700.0,3537739.0,1.1244,4.5231,1.1243604753,3.4787903569905,股票型基金,规模指数股票型基金,22499200.0,22499200.0
2023-11-14,民生加银沪深300ETF,sh515350,4.526,4.538,4.55,4.511,4.526,763000.0,3456049.0,1.1251,4.5262,1.1251310789,3.3912316882378,股票型基金,规模指数股票型基金,22499200.0,22499200.0
2023-11-15,民生加银沪深300ETF,sh515350,4.526,4.569,4.576,4.546,4.559,720500.0,3286988.0,1.1329,4.5576,1.1329365484,3.2023360830607,股票型基金,规模指数股票型基金,22499200.0,22499200.0
2023-11-16,民生加银沪深300ETF,sh515350,4.559,4.549,4.549,4.51,4.51,662300.0,2990946.0,1.1222,4.5143,1.1221729552,2.94366021903,股票型基金,规模指数股票型基金,22499200.0,22499200.0
2023-11-17,民生加银沪深300ETF,sh515350,4.51,4.505,4.515,4.485,4.507,861300.0,3871905.0,1.1211,4.5101,1.1211289115,3.8281361115062,股票型基金,规模指数股票型基金,22499200.0,22499200.0
2023-11-20,民生加银沪深300ETF,sh515350,4.507,4.497,4.53,4.482,4.524,821000.0,3695120.0,1.1237,4.5205,1.1237141625,3.6490186317736,股票型基金,规模指数股票型基金,22499200.0,22499200.0
2023-11-21,民生加银沪深300ETF,sh515350,4.524,4.524,4.57,4.512,4.523,1005000.0,4564309.0,1.1251,4.5262,1.1251310789,4.4668254871284,股票型基金,规模指数股票型基金,22499200.0,22499200.0
2023-11-22,民生加银沪深300ETF,sh515350,4.523,4.519,4.519,4.48,4.483,723600.0,3260376.0,1.1139,4.481,1.1138951802,3.2161143507325,股票型基金,规模指数股票型基金,22499200.0,22499200.0
2023-11-23,民生加银沪深300ETF,sh515350,4.483,4.476,4.514,4.46,4.504,1267600.0,5675350.0,1.1191,4.5021,1.1191402568,5.633978096999,股票型基金,规模指数股票型基金,22499200.0,22499200.0
2023-11-24,民生加银沪深300ETF,sh515350,4.504,4.493,4.493,4.465,4.472,584300.0,2616985.0,1.1118,4.4725,1.1117822347,2.5969812259991,股票型基金,规模指数股票型基金,22499200.0,22499200.0
2023-11-27,民生加银沪深300ETF,sh515350,4.472,4.46,4.465,4.414,4.443,869300.0,3854607.0,1.1037,4.44,1.1037033252,3.8636929313042,股票型基金,规模指数股票型基金,22499200.0,22499200.0
2023-11-28,民生加银沪深300ETF,sh515350,4.443,4.428,4.45,4.428,4.448,624500.0,2771928.0,1.1057,4.4482,1.1057416962,2.6688946630654,股票型基金,规模指数股票型基金,23399200.0,23399200.0
2023-11-29,民生加银沪深300ETF,sh515350,4.448,4.441,4.441,4.4,4.416,1353200.0,5970741.0,1.0966,4.4116,1.0966436012,6.014436068838,股票型基金,规模指数股票型基金,22499200.0,22499200.0
2023-11-30,民生加银沪深300ETF,sh515350,4.416,4.416,4.43,4.412,4.422,931100.0,4115478.0,1.099,4.4212,1.0990299868,4.1383693642441,股票型基金,规模指数股票型基金,22499200.0,22499200.0
2023-12-01,民生加银沪深300ETF,sh515350,4.422,4.422,4.422,4.368,4.41,1048200.0,4600180.0,1.0949,4.4047,1.0949283866,4.6588323140378,股票型基金,规模指数股票型基金,22499200.0,22499200.0
2023-12-04,民生加银沪深300ETF,sh515350,4.41,4.388,4.4,4.375,4.375,783800.0,3440870.0,1.0878,4.376,1.0877940881,3.4836794197127,股票型基金,规模指数股票型基金,22499200.0,22499200.0
2023-12-05,民生加银沪深300ETF,sh515350,4.375,4.371,4.415,4.295,4.295,667600.0,2895258.0,1.0676,4.2946,1.0675595271,2.8530889944955,股票型基金,规模指数股票型基金,23399200.0,23399200.0
2023-12-06,民生加银沪深300ETF,sh515350,4.295,4.29,4.322,4.274,4.298,1422300.0,6115653.0,1.0694,4.3021,1.0694238908,6.0784129371944,股票型基金,规模指数股票型基金,23399200.0,23399200.0
2023-12-07,民生加银沪深300ETF,sh515350,4.298,4.298,4.306,4.261,4.289,1511800.0,6471130.0,1.0668,4.2916,1.0668137816,6.4609046463127,股票型基金,规模指数股票型基金,23399200.0,23399200.0
2023-12-08,民生加银沪深300ETF,sh515350,4.289,4.298,4.311,4.288,4.3,735600.0,3163437.0,1.0694,4.3022,1.069448749,3.1436972204178,股票型基金,规模指数股票型基金,23399200.0,23399200.0
2023-12-11,民生加银沪深300ETF,sh515350,4.3,4.327,4.334,4.24,4.323,1200000.0,5147071.0,1.0756,4.3269,1.0755887202,5.1283804574515,股票型基金,规模指数股票型基金,23399200.0,23399200.0
2023-12-12,民生加银沪深300ETF,sh515350,4.323,4.316,4.338,4.316,4.337,377700.0,1636182.0,1.0779,4.336,1.0778508149,1.6141577489829,股票型基金,规模指数股票型基金,23399200.0,23399200.0
2023-12-13,民生加银沪深300ETF,sh515350,4.337,4.318,4.318,4.263,4.268,1029981.0,4418697.0,1.0602,4.2651,1.0602263631,4.4017786932887,股票型基金,规模指数股票型基金,23399200.0,23399200.0
2023-12-14,民生加银沪深300ETF,sh515350,4.268,4.301,4.307,4.24,4.244,1139900.0,4888762.0,1.0548,4.2431,1.0547575629,4.8715340695408,股票型基金,规模指数股票型基金,23399200.0,23399200.0
2023-12-15,民生加银沪深300ETF,sh515350,4.244,4.273,4.289,4.227,4.236,1002700.0,4269583.0,1.0515,4.23,1.0515011409,4.2851892372389,股票型基金,规模指数股票型基金,23399200.0,23399200.0
2023-12-18,民生加银沪深300ETF,sh515350,4.236,4.23,4.241,4.198,4.216,1982100.0,8375649.0,1.0477,4.2148,1.0477226971,8.1570586685981,股票型基金,规模指数股票型基金,24299200.0,24299200.0
2023-12-19,民生加银沪深300ETF,sh515350,4.216,4.208,4.236,4.2,4.218,1397500.0,5887818.0,1.0491,4.2205,1.0491396135,5.5458109781263,股票型基金,规模指数股票型基金,25199200.0,25199200.0
2023-12-20,民生加银沪深300ETF,sh515350,4.218,4.226,4.228,4.179,4.179,901500.0,3795410.0,1.039,4.1799,1.0390471912,3.5774945236357,股票型基金,规模指数股票型基金,25199200.0,25199200.0
2023-12-21,民生加银沪深300ETF,sh515350,4.179,4.179,4.234,4.17,4.223,3619300.0,15275246.0,1.0493,4.2212,1.0493136208,13.405212006282,股票型基金,规模指数股票型基金,26999200.0,26999200.0
2023-12-22,民生加银沪深300ETF,sh515350,4.223,4.21,4.254,4.197,4.235,3025400.0,12786514.0,1.0515,4.2299,1.0514762827,11.20551720051,股票型基金,规模指数股票型基金,26999200.0,26999200.0
2023-12-25,民生加银沪深300ETF,sh515350,4.235,4.234,4.241,4.224,4.24,1825300.0,7727345.0,1.0546,4.2426,1.054633272,6.7605706835758,股票型基金,规模指数股票型基金,26999200.0,26999200.0
2023-12-26,民生加银沪深300ETF,sh515350,4.24,4.232,4.232,4.205,4.216,1858057.0,7827165.0,1.0476,4.2142,1.047573548,6.8818965006371,股票型基金,规模指数股票型基金,26999200.0,26999200.0
2023-12-27,民生加银沪深300ETF,sh515350,4.216,4.22,4.235,4.199,4.225,2067100.0,8727066.0,1.0513,4.229,1.0512525591,7.656152774897,股票型基金,规模指数股票型基金,26999200.0,26999200.0
2023-12-28,民生加银沪深300ETF,sh515350,4.225,4.222,4.341,4.222,4.332,4015100.0,17255973.0,1.0753,4.3259,1.0753401384,14.871181368337,股票型基金,规模指数股票型基金,26999200.0,26999200.0
2023-12-29,民生加银沪深300ETF,sh515350,4.332,4.327,4.345,4.321,4.34,3072900.0,13322305.0,1.0804,4.3463,1.0804112077,11.38144833921,股票型基金,规模指数股票型基金,26999200.0,26999200.0
2024-01-02,民生加银沪深300ETF,sh515350,4.34,4.315,4.316,4.282,4.282,4030800.0,17324740.0,1.0663,4.2896,1.066316618,14.929331239444,股票型基金,规模指数股票型基金,26999200.0,26999200.0
2024-01-03,民生加银沪深300ETF,sh515350,4.282,4.276,4.292,4.255,4.275,3723300.0,15890999.0,1.0643,4.2815,1.0643031051,13.790408604699,股票型基金,规模指数股票型基金,26999200.0,26999200.0
2024-01-04,民生加银沪深300ETF,sh515350,4.275,4.269,4.271,4.208,4.238,3710100.0,15687631.0,1.0547,4.2429,1.0547078465,13.741518267208,股票型基金,规模指数股票型基金,26999200.0,26999200.0
2024-01-05,民生加银沪深300ETF,sh515350,4.238,4.216,4.266,4.193,4.217,4432700.0,18768015.0,1.0489,4.2196,1.0489158899,16.417893863522,股票型基金,规模指数股票型基金,26999200.0,26999200.0
2024-01-08,民生加银沪深300ETF,sh515350,4.217,4.2,4.225,4.153,4.166,3835300.0,16002270.0,1.0353,4.1648,1.0352936056,14.205235710688,股票型基金,规模指数股票型基金,26999200.0,26999200.0
2024-01-09,民生加银沪深300ETF,sh515350,4.166,4.159,4.182,4.149,4.178,3202100.0,13342727.0,1.0373,4.173,1.0373319766,11.859981036475,股票型基金,规模指数股票型基金,26999200.0,26999200.0
2024-01-10,民生加银沪深300ETF,sh515350,4.178,4.15,4.199,4.139,4.153,1501100.0,6250428.0,1.0328,4.1546,1.0327580709,5.5597943642775,股票型基金,规模指数股票型基金,26999200.0,26999200.0
2024-01-11,民生加银沪深300ETF,sh515350,4.153,4.149,4.196,4.149,4.177,892100.0,3720037.0,1.0388,4.1791,1.0388483258,3.3041719754659,股票型基金,规模指数股票型基金,26999200.0,26999200.0
2024-01-12,民生加银沪深300ETF,sh515350,4.177,4.177,4.194,4.16,4.16,802100.0,3345591.0,1.0352,4.1644,1.0351941729,2.9708287652967,股票型基金,规模指数股票型基金,26999200.0,26999200.0
2024-01-15,民生加银沪深300ETF,sh515350,4.16,4.152,4.185,4.132,4.155,1215100.0,5048597.0,1.0341,4.1598,1.0340506964,4.5005037186287,股票型基金,规模指数股票型基金,26999200.0,26999200.0
2024-01-16,民生加银沪深300ETF,sh515350,4.155,4.159,4.181,4.126,4.179,1406000.0,5846740.0,1.0401,4.1843,1.0401409513,5.207561705532,股票型基金,规模指数股票型基金,26999200.0,26999200.0
2024-01-17,民生加银沪深300ETF,sh515350,4.179,4.164,4.164,4.09,4.09,4513000.0,18650238.0,1.0177,4.0939,1.0176691538,17.291717753801,股票型基金,规模指数股票型基金,26099200.0,26099200.0
2024-01-18,民生加银沪深300ETF,sh515350,4.09,4.097,4.16,4.013,4.158,4333800.0,17634143.0,1.0315,4.1496,1.0315151618,16.05158671368,股票型基金,规模指数股票型基金,26999200.0,26999200.0
2024-01-19,民生加银沪深300ETF,sh515350,4.158,4.13,4.15,4.104,4.146,2445200.0,10114617.0,1.03,4.1434,1.0299739544,9.0565646389523,股票型基金,规模指数股票型基金,26999200.0,26999200.0
2024-01-22,民生加银沪深300ETF,sh515350,4.146,4.128,4.148,4.027,4.08,3988500.0,16284208.0,1.0139,4.0786,1.0138658518,14.296108848999,股票型基金,规模指数股票型基金,27899200.0,27899200.0
2024-01-23,民生加银沪深300ETF,sh515350,4.08,4.072,4.112,4.05,4.089,2880300.0,11765456.0,1.0182,4.0959,1.0181663175,10.323951941274,股票型基金,规模指数股票型基金,27899200.0,27899200.0
2024-01-24,民生加银沪深300ETF,sh515350,4.089,4.109,4.155,4.043,4.152,2269100.0,9294773.0,1.0322,4.1522,1.0321614745,8.133208120663,股票型基金,规模指数股票型基金,27899200.0,27899200.0
2024-01-25,民生加银沪深300ETF,sh515350,4.152,4.15,4.24,4.15,4.23,2280300.0,9625477.0,1.0529,4.2356,1.0528931991,8.1733526409359,股票型基金,规模指数股票型基金,27899200.0,27899200.0
2024-01-26,民生加银沪深300ETF,sh515350,4.23,4.224,4.242,4.207,4.23,1521300.0,6427151.0,1.0499,4.2237,1.0499350754,5.4528445260079,股票型基金,规模指数股票型基金,27899200.0,27899200.0
2024-01-29,民生加银沪深300ETF,sh515350,4.23,4.244,4.245,4.185,4.185,2070300.0,8708030.0,1.0405,4.1857,1.0404889658,7.4206428858175,股票型基金,规模指数股票型基金,27899200.0,27899200.0
2024-01-30,民生加银沪深300ETF,sh515350,4.185,4.163,4.178,4.111,4.115,3966600.0,16388510.0,1.0221,4.1119,1.0221436268,14.217611974537,股票型基金,规模指数股票型基金,27899200.0,27899200.0
2024-01-31,民生加银沪深300ETF,sh515350,4.115,4.116,4.116,4.056,4.076,3841800.0,15693214.0,1.0127,4.0738,1.0126726591,13.770287320067,股票型基金,规模指数股票型基金,27899200.0,27899200.0
2024-02-01,民生加银沪深300ETF,sh515350,4.076,4.113,4.118,4.053,4.081,1540600.0,6302877.0,1.0134,4.0766,1.0133686882,5.5220221368355,股票型基金,规模指数股票型基金,27899200.0,27899200.0
2024-02-02,民生加银沪深300ETF,sh515350,4.081,4.092,4.096,3.929,4.043,3382100.0,13562008.0,1.0011,4.0273,1.001113604,12.122569822791,股票型基金,规模指数股票型基金,27899200.0,27899200.0
2024-02-05,民生加银沪深300ETF,sh515350,4.043,3.93,4.072,3.905,4.054,4835700.0,19416685.0,1.0075,4.0531,1.0075270152,17.332755061077,股票型基金,规模指数股票型基金,27899200.0,27899200.0
2024-02-06,民生加银沪深300ETF,sh515350,4.054,4.068,4.191,4.066,4.18,4656200.0,19331075.0,1.0424,4.1935,1.0424279041,17.245696168775,股票型基金,规模指数股票型基金,26999200.0,26999200.0
2024-02-07,民生加银沪深300ETF,sh515350,4.18,4.196,4.232,4.15,4.231,4675700.0,19636231.0,1.0525,4.234,1.0524954682,17.317920530979,股票型基金,规模指数股票型基金,26999200.0,26999200.0
2024-02-08,民生加银沪深300ETF,sh515350,4.231,4.238,4.263,4.221,4.249,3229200.0,13685049.0,1.0595,4.262,1.0594557595,11.960354380871,股票型基金,规模指数股票型基金,26999200.0,26999200.0
2024-02-19,民生加银沪深300ETF,sh515350,4.249,4.266,4.296,4.263,4.295,3292900.0,14099733.0,1.0714,4.3099,1.0713628291,12.196287297401,股票型基金,规模指数股票型基金,26999200.0,26999200.0
2024-02-20,民生加银沪深300ETF,sh515350,4.295,4.276,4.316,4.276,4.31,3662300.0,15724016.0,1.0736,4.3188,1.0735752074,14.032230872977,股票型基金,规模指数股票型基金,26099200.0,26099200.0
2024-02-21,民生加银沪深300ETF,sh515350,4.31,4.309,4.43,4.296,4.377,2450200.0,10707366.0,1.0884,4.3785,1.0884155427,9.3880272192251,股票型基金,规模指数股票型基金,26099200.0,26099200.0
2024-02-22,民生加银沪深300ETF,sh515350,4.377,4.389,4.409,4.371,4.406,1374529.0,6047577.0,1.0976,4.4154,1.0975882122,5.2665560630211,股票型基金,规模指数股票型基金,26099200.0,26099200.0
2024-02-23,民生加银沪深300ETF,sh515350,4.406,4.41,4.419,4.394,4.409,1633900.0,7206176.0,1.0986,4.4196,1.0986322559,6.2603451446788,股票型基金,规模指数股票型基金,26099200.0,26099200.0
2024-02-26,民生加银沪深300ETF,sh515350,4.409,4.41,4.413,4.365,4.366,1117500.0,4904261.0,1.0872,4.3737,1.0872223499,4.2817404364885,股票型基金,规模指数股票型基金,26099200.0,26099200.0
2024-02-27,民生加银沪深300ETF,sh515350,4.366,4.367,4.423,4.367,4.423,755100.0,3313111.0,1.1002,4.4261,1.1002480378,2.8931921284944,股票型基金,规模指数股票型基金,26099200.0,26099200.0
2024-02-28,民生加银沪深300ETF,sh515350,4.423,4.417,4.454,4.38,4.38,888300.0,3921593.0,1.0864,4.3705,1.086426888,3.4035525993134,股票型基金,规模指数股票型基金,26099200.0,26099200.0
2024-02-29,民生加银沪深300ETF,sh515350,4.38,4.38,4.447,4.38,4.445,1379000.0,6090030.0,1.1069,4.4529,1.1069100308,5.2836868563021,股票型基金,规模指数股票型基金,26099200.0,26099200.0
2024-03-01,民生加银沪深300ETF,sh515350,4.445,4.443,4.488,4.441,4.476,2010500.0,8988049.0,1.1138,4.4808,1.1138454639,7.703301250613,股票型基金,规模指数股票型基金,26099200.0,26099200.0
2024-03-04,民生加银沪深300ETF,sh515350,4.476,4.475,4.485,4.464,4.473,1950400.0,8730318.0,1.1146,4.4839,1.1146160675,8.0266016988214,股票型基金,规模指数股票型基金,24299200.0,24299200.0
2024-03-05,民生加银沪深300ETF,sh515350,4.473,4.465,4.526,4.465,4.524,726300.0,3268708.0,1.1223,4.5147,1.1222723879,3.1039522718725,股票型基金,规模指数股票型基金,23399200.0,23399200.0
2024-03-06,民生加银沪深300ETF,sh515350,4.524,4.503,4.531,4.493,4.501,997300.0,4500230.0,1.1179,4.4972,1.1179222059,4.2621115251803,股票型基金,规模指数股票型基金,23399200.0,23399200.0
2024-03-07,民生加银沪深300ETF,sh515350,4.501,4.498,4.515,4.463,4.467,893500.0,3996141.0,1.1111,4.4698,1.1111110637,3.8185066156108,股票型基金,规模指数股票型基金,23399200.0,23399200.0
2024-03-08,民生加银沪深300ETF,sh515350,4.467,4.475,4.49,4.45,4.486,1019500.0,4551218.0,1.1159,4.4892,1.1159335512,4.1956113781524,股票型基金,规模指数股票型基金,24299200.0,24299200.0
2024-03-11,民生加银沪深300ETF,sh515350,4.486,4.498,4.544,4.498,4.544,255100.0,1154402.0,1.1299,4.5452,1.1298541337,1.0498288009482,股票型基金,规模指数股票型基金,24299200.0,24299200.0
2024-03-12,民生加银沪深300ETF,sh515350,4.544,4.548,4.566,4.532,4.557,593000.0,2698323.0,1.1325,4.556,1.1325388175,2.4404095608086,股票型基金,规模指数股票型基金,24299200.0,24299200.0
2024-03-13,民生加银沪深300ETF,sh515350,4.557,4.546,4.548,4.517,4.524,950900.0,4312417.0,1.125,4.5258,1.1250316462,3.9132975571212,股票型基金,规模指数股票型基金,24299200.0,24299200.0
2024-03-14,民生加银沪深300ETF,sh515350,4.524,4.531,4.554,4.496,4.515,430500.0,1951625.0,1.1216,4.512,1.121601217,1.7716632646342,股票型基金,规模指数股票型基金,24299200.0,24299200.0
2024-03-15,民生加银沪深300ETF,sh515350,4.515,4.484,4.528,4.483,4.517,581400.0,2612165.0,1.1241,4.5219,1.1240621771,2.3926713636663,股票型基金,规模指数股票型基金,24299200.0,24299200.0
2024-03-18,民生加银沪深300ETF,sh515350,4.517,4.538,4.564,4.524,4.564,521000.0,2364038.0,1.1346,4.5642,1.1345771885,2.1441035095806,股票型基金,规模指数股票型基金,24299200.0,24299200.0
2024-03-19,民生加银沪深300ETF,sh515350,4.564,4.549,4.557,4.527,4.527,349400.0,1589966.0,1.1265,4.5318,1.1265231372,1.4379074208204,股票型基金,规模指数股票型基金,24299200.0,24299200.0
2024-03-20,民生加银沪深300ETF,sh515350,4.527,4.528,4.536,4.521,4.536,582214.0,2636014.0,1.129,4.5419,1.1290338137,2.3960212681899,股票型基金,规模指数股票型基金,24299200.0,24299200.0
2024-03-21,民生加银沪深300ETF,sh515350,4.536,4.548,4.552,4.531,4.531,1139500.0,5177323.0,1.1277,4.5366,1.12771633,4.6894547968657,股票型基金,规模指数股票型基金,24299200.0,24299200.0
2024-03-22,民生加银沪深300ETF,sh515350,4.531,4.524,4.524,4.46,4.49,1310300.0,5869445.0,1.1163,4.4905,1.1162567076,5.3923585961678,股票型基金,规模指数股票型基金,24299200.0,24299200.0
2024-03-25,民生加银沪深300ETF,sh515350,4.49,4.48,4.511,4.467,4.472,930100.0,4180836.0,1.1103,4.4664,1.1102658855,3.8276980312109,股票型基金,规模指数股票型基金,24299200.0,24299200.0
2024-03-26,民生加银沪深300ETF,sh515350,4.472,4.481,4.489,4.465,4.486,710600.0,3183072.0,1.1158,4.4888,1.1158341185,2.9243761111477,股票型基金,规模指数股票型基金,24299200.0,24299200.0
2024-03-27,民生加银沪深300ETF,sh515350,4.486,4.475,4.481,4.439,4.439,1077900.0,4814202.0,1.103,4.4373,1.1030321543,4.4359485085929,股票型基金,规模指数股票型基金,24299200.0,24299200.0
2024-03-28,民生加银沪深300ETF,sh515350,4.439,4.43,4.498,4.43,4.457,994700.0,4441852.0,1.1086,4.4598,1.1086252454,4.0935504049516,股票型基金,规模指数股票型基金,24299200.0,24299200.0
2024-03-29,民生加银沪深300ETF,sh515350,4.457,4.46,4.479,4.455,4.479,702200.0,3136344.0,1.1137,4.4804,1.1137460311,2.8898070718378,股票型基金,规模指数股票型基金,24299200.0,24299200.0
2024-04-01,民生加银沪深300ETF,sh515350,4.479,4.498,4.561,4.498,4.545,497400.0,2257902.0,1.1318,4.5531,1.1318179302,2.0469809705669,股票型基金,规模指数股票型基金,24299200.0,24299200.0
2024-04-02,民生加银沪深300ETF,sh515350,4.545,4.551,4.551,4.522,4.535,1167200.0,5298417.0,1.1271,4.534,1.1270700172,4.8034503193521,股票型基金,规模指数股票型基金,24299200.0,24299200.0
2024-04-03,民生加银沪深300ETF,sh515350,4.535,4.519,4.523,4.507,4.518,563100.0,2542081.0,1.123,4.5177,1.1230181334,2.3173602423125,股票型基金,规模指数股票型基金,24299200.0,24299200.0
2024-04-08,民生加银沪深300ETF,sh515350,4.518,4.516,4.516,4.472,4.48,514500.0,2313222.0,1.1131,4.4776,1.113050002,2.1173536577336,股票型基金,规模指数股票型基金,24299200.0,24299200.0
2024-04-09,民生加银沪深300ETF,sh515350,4.48,4.459,4.471,4.459,4.467,1063900.0,4751191.0,1.1121,4.4738,1.1121053911,4.3783334430763,股票型基金,规模指数股票型基金,24299200.0,24299200.0
2024-04-10,民生加银沪深300ETF,sh515350,4.467,4.464,4.464,4.415,4.434,696300.0,3094527.0,1.103,4.4371,1.1029824379,2.8655264370843,股票型基金,规模指数股票型基金,24299200.0,24299200.0
2024-04-11,民生加银沪深300ETF,sh515350,4.434,4.422,4.457,4.417,4.431,794200.0,3521333.0,1.1032,4.438,1.1032061615,3.268420359518,股票型基金,规模指数股票型基金,24299200.0,24299200.0
2024-04-12,民生加银沪深300ETF,sh515350,4.431,4.434,4.435,4.391,4.397,683600.0,3019172.0,1.0943,4.4022,1.094306932,3.0383302517423,股票型基金,规模指数股票型基金,22499200.0,22499200.0
2024-04-15,民生加银沪深300ETF,sh515350,4.397,4.441,4.497,4.441,4.486,948500.0,4245530.0,1.1172,4.4942,1.1171764604,4.2157054473048,股票型基金,规模指数股票型基金,22499200.0,22499200.0
2024-04-16,民生加银沪深300ETF,sh515350,4.486,4.472,4.486,4.434,4.449,813500.0,3632022.0,1.1053,4.4464,1.1052942489,3.6156841132129,股票型基金,规模指数股票型基金,22499200.0,22499200.0
2024-04-17,民生加银沪深300ETF,sh515350,4.449,4.44,4.516,4.44,4.516,418400.0,1869077.0,1.1221,4.5142,1.122148097,1.8596216754373,股票型基金,规模指数股票型基金,22499200.0,22499200.0
2024-04-18,民生加银沪深300ETF,sh515350,4.516,4.503,4.558,4.503,4.518,795300.0,3609004.0,1.1237,4.5206,1.1237390207,3.5347923481724,股票型基金,规模指数股票型基金,22499200.0,22499200.0
2024-04-19,民生加银沪深300ETF,sh515350,4.518,4.497,4.497,4.474,4.486,441500.0,1978657.0,1.1148,4.4846,1.1147900748,1.9622919926042,股票型基金,规模指数股票型基金,22499200.0,22499200.0
2024-04-22,民生加银沪深300ETF,sh515350,4.486,4.488,4.509,4.468,4.468,482600.0,2169387.0,1.1115,4.4712,1.1114590783,2.1449651543166,股票型基金,规模指数股票型基金,22499200.0,22499200.0
2024-04-23,民生加银沪深300ETF,sh515350,4.468,4.452,4.453,4.437,4.442,658432.0,2926394.0,1.1038,4.4402,1.1037530416,2.9264684966577,股票型基金,规模指数股票型基金,22499200.0,22499200.0
2024-04-24,民生加银沪深300ETF,sh515350,4.442,4.438,4.461,4.434,4.461,261900.0,1163242.0,1.1085,4.4594,1.1085258127,1.1640413881382,股票型基金,规模指数股票型基金,22499200.0,22499200.0
2024-04-25,民生加银沪深300ETF,sh515350,4.461,4.442,4.485,4.442,4.472,323500.0,1446292.0,1.1112,4.4702,1.1112104965,1.4378289005831,股票型基金,规模指数股票型基金,22499200.0,22499200.0
2024-04-26,民生加银沪深300ETF,sh515350,4.472,4.497,4.545,4.497,4.537,211900.0,956559.0,1.1283,4.5388,1.12826321,0.94181126440051,股票型基金,规模指数股票型基金,22499200.0,22499200.0
2024-04-29,民生加银沪深300ETF,sh515350,4.537,4.54,4.616,4.54,4.589,453200.0,2074548.0,1.1408,4.5893,1.1408165924,2.0142938415588,股票型基金,规模指数股票型基金,22499200.0,22499200.0
2024-04-30,民生加银沪深300ETF,sh515350,4.589,4.592,4.594,4.566,4.566,107000.0,490369.0,1.1354,4.5677,1.1354472249,0.47557246479875,股票型基金,规模指数股票型基金,22499200.0,22499200.0
2024-05-06,民生加银沪深300ETF,sh515350,4.566,4.597,4.648,4.597,4.632,636200.0,2944576.0,1.1521,4.6346,1.1520773493,2.8276560944389,股票型基金,规模指数股票型基金,22499200.0,22499200.0
2024-05-07,民生加银沪深300ETF,sh515350,4.632,4.626,4.64,4.625,4.634,248700.0,1150975.0,1.1524,4.636,1.1524253639,1.1053726354715,股票型基金,规模指数股票型基金,22499200.0,22499200.0
2024-05-08,民生加银沪深300ETF,sh515350,4.634,4.618,4.62,4.594,4.594,398200.0,1830923.0,1.1434,4.5995,1.1433521271,1.7698407054473,股票型基金,规模指数股票型基金,22499200.0,22499200.0
2024-05-09,民生加银沪深300ETF,sh515350,4.594,4.613,4.645,4.613,4.639,355200.0,1644516.0,1.1546,4.6447,1.1545880258,1.5787227990329,股票型基金,规模指数股票型基金,22499200.0,22499200.0
2024-05-10,民生加银沪深300ETF,sh515350,4.639,4.649,4.651,4.614,4.644,637000.0,2947637.0,1.1552,4.6473,1.1552343386,2.8312117764187,股票型基金,规模指数股票型基金,22499200.0,22499200.0
2024-05-13,民生加银沪深300ETF,sh515350,4.644,4.613,4.652,4.609,4.641,174200.0,807553.0,1.1547,4.6451,1.1546874585,0.77424975110226,股票型基金,规模指数股票型基金,22499200.0,22499200.0
2024-05-14,民生加银沪深300ETF,sh515350,4.641,4.657,4.657,4.623,4.63,272800.0,1263889.0,1.1524,4.6358,1.1523756475,1.2124875551131,股票型基金,规模指数股票型基金,22499200.0,22499200.0
2024-05-15,民生加银沪深300ETF,sh515350,4.63,4.62,4.622,4.597,4.597,315200.0,1454563.0,1.1436,4.6006,1.1436255671,1.4009387000427,股票型基金,规模指数股票型基金,22499200.0,22499200.0
2024-05-16,民生加银沪深300ETF,sh515350,4.597,4.608,4.632,4.6,4.616,835800.0,3860660.0,1.148,4.6182,1.1480006073,3.7147987483999,股票型基金,规模指数股票型基金,22499200.0,22499200.0
2024-05-17,民生加银沪深300ETF,sh515350,4.616,4.619,4.669,4.603,4.666,867800.0,4023571.0,1.1598,4.6656,1.159783386,3.8570260275921,股票型基金,规模指数股票型基金,22499200.0,22499200.0
2024-05-20,民生加银沪深300ETF,sh515350,4.666,4.665,4.692,4.663,4.678,676900.0,3164256.0,1.1639,4.682,1.1638601281,3.0085514151614,股票型基金,规模指数股票型基金,22499200.0,22499200.0
2024-05-21,民生加银沪深300ETF,sh515350,4.678,4.647,4.678,4.647,4.658,437042.0,2038606.0,1.1595,4.6643,1.1594602297,1.9424779547717,股票型基金,规模指数股票型基金,22499200.0,22499200.0
2024-05-22,民生加银沪深300ETF,sh515350,4.658,4.655,4.681,4.655,4.672,580700.0,2711887.0,1.1624,4.676,1.1623686371,2.58098065709,股票型基金,规模指数股票型基金,22499200.0,22499200.0
2024-05-23,民生加银沪深300ETF,sh515350,4.672,4.636,4.639,4.611,4.62,793100.0,3668297.0,1.1489,4.6218,1.1488955019,3.5250142227279,股票型基金,规模指数股票型基金,22499200.0,22499200.0
2024-05-24,民生加银沪深300ETF,sh515350,4.62,4.625,4.633,4.569,4.57,755700.0,3472020.0,1.1365,4.5718,1.1364664104,3.3587860901721,股票型基金,规模指数股票型基金,22499200.0,22499200.0
2024-05-27,民生加银沪深300ETF,sh515350,4.57,4.578,4.613,4.576,4.613,887800.0,4081657.0,1.1471,4.6145,1.1470808545,3.9459180770872,股票型基金,规模指数股票型基金,22499200.0,22499200.0
2024-05-28,民生加银沪深300ETF,sh515350,4.613,4.606,4.609,4.577,4.581,772700.0,3542270.0,1.1389,4.5816,1.1389025123,3.4343443322429,股票型基金,规模指数股票型基金,22499200.0,22499200.0
2024-05-29,民生加银沪深300ETF,sh515350,4.581,4.599,4.608,4.581,4.581,324700.0,1494387.0,1.1404,4.5877,1.1404188615,1.4431624235528,股票型基金,规模指数股票型基金,22499200.0,22499200.0
2024-05-30,民生加银沪深300ETF,sh515350,4.581,4.576,4.599,4.559,4.565,463700.0,2121097.0,1.1346,4.5644,1.1346269049,2.0609621675437,股票型基金,规模指数股票型基金,22499200.0,22499200.0
2024-05-31,民生加银沪深300ETF,sh515350,4.565,4.578,4.578,4.545,4.546,819700.0,3735554.0,1.1302,4.5464,1.1301524319,3.6432406485564,股票型基金,规模指数股票型基金,22499200.0,22499200.0
2024-06-03,民生加银沪深300ETF,sh515350,4.546,4.54,4.565,4.521,4.55,764600.0,3475791.0,1.1327,4.5568,1.1327376829,3.3983430521974,股票型基金,规模指数股票型基金,22499200.0,22499200.0
2024-06-04,民生加银沪深300ETF,sh515350,4.55,4.561,4.601,4.557,4.585,1008600.0,4620418.0,1.1414,4.5918,1.141438047,4.4828260560375,股票型基金,规模指数股票型基金,22499200.0,22499200.0
2024-06-05,民生加银沪深300ETF,sh515350,4.585,4.593,4.599,4.567,4.567,327700.0,1501624.0,1.1354,4.5677,1.1354472249,1.4564962309771,股票型基金,规模指数股票型基金,22499200.0,22499200.0
2024-06-06,民生加银沪深300ETF,sh515350,4.567,4.595,4.611,4.557,4.571,720700.0,3298718.0,1.1349,4.5656,1.134925203,3.2032250035557,股票型基金,规模指数股票型基金,22499200.0,22499200.0
2024-06-07,民生加银沪深300ETF,sh515350,4.571,4.55,4.578,4.519,4.546,623300.0,2821763.0,1.1298,4.5451,1.1298292755,2.7703207225146,股票型基金,规模指数股票型基金,22499200.0,22499200.0
2024-06-11,民生加银沪深300ETF,sh515350,4.546,4.526,4.526,4.49,4.507,1022000.0,4601285.0,1.1203,4.5069,1.1203334496,4.5423837291993,股票型基金,规模指数股票型基金,22499200.0,22499200.0
2024-06-12,民生加银沪深300ETF,sh515350,4.507,4.505,4.51,4.494,4.507,504000.0,2268857.0,1.1214,4.5112,1.1214023515,2.2400796472763,股票型基金,规模指数股票型基金,22499200.0,22499200.0
2024-06-13,民生加银沪深300ETF,sh515350,4.507,4.504,4.521,4.481,4.487,382100.0,1721194.0,1.1164,4.491,1.1163809985,1.6982826056038,股票型基金,规模指数股票型基金,22499200.0,22499200.0
2024-06-14,民生加银沪深300ETF,sh515350,4.487,4.482,4.522,4.47,4.52,1273100.0,5709374.0,1.1223,4.515,1.1223469625,5.6584234106102,股票型基金,规模指数股票型基金,22499200.0,22499200.0
2024-06-17,民生加银沪深300ETF,sh515350,4.52,4.519,4.519,4.498,4.504,773000.0,3482938.0,1.1207,4.5084,1.1207063224,3.4356777129854,股票型基金,规模指数股票型基金,22499200.0,22499200.0
2024-06-18,民生加银沪深300ETF,sh515350,4.504,4.513,4.53,4.504,4.522,691300.0,3120240.0,1.1236,4.5201,1.1236147298,3.0725536907979,股票型基金,规模指数股票型基金,22499200.0,22499200.0
2024-06-19,民生加银沪深300ETF,sh515350,4.522,4.516,4.516,4.502,4.502,259100.0,1168161.0,1.1201,4.5058,1.1200600096,1.1515965012089,股票型基金,规模指数股票型基金,22499200.0,22499200.0
2024-06-20,民生加银沪深300ETF,sh515350,4.502,4.502,4.516,4.474,4.475,113300.0,507882.0,1.1123,4.4746,1.1123042565,0.5035734603897,股票型基金,规模指数股票型基金,22499200.0,22499200.0
2024-06-21,民生加银沪深300ETF,sh515350,4.475,4.475,4.481,4.448,4.464,1058100.0,4725941.0,1.1101,4.4657,1.1100918782,4.7028338785379,股票型基金,规模指数股票型基金,22499200.0,22499200.0
2024-06-24,民生加银沪深300ETF,sh515350,4.464,4.449,4.476,4.431,4.444,842100.0,3746343.0,1.1043,4.4425,1.1043247798,3.7427997439909,股票型基金,规模指数股票型基金,22499200.0,22499200.0
2024-06-25,民生加银沪深300ETF,sh515350,4.444,4.45,4.45,4.397,4.414,781500.0,3452748.0,1.0982,4.4179,1.0982096668,3.4734568340208,股票型基金,规模指数股票型基金,22499200.0,22499200.0
2024-06-26,民生加银沪深300ETF,sh515350,4.414,4.416,4.461,4.398,4.45,694500.0,3068674.0,1.106,4.4493,1.1060151362,3.0867764187171,股票型基金,规模指数股票型基金,22499200.0,22499200.0
2024-06-27,民生加银沪深300ETF,sh515350,4.45,4.426,4.449,4.416,4.429,1739900.0,7697521.0,1.0986,4.4193,1.0985576813,7.7331638458256,股票型基金,规模指数股票型基金,22499200.0,22499200.0
2024-06-28,民生加银沪深300ETF,sh515350,4.429,4.451,4.459,4.424,4.435,1382900.0,6142060.0,1.1017,4.432,1.1017146706,6.1464407623382,股票型基金,规模指数股票型基金,22499200.0,22499200.0
2024-07-01,民生加银沪深300ETF,sh515350,4.435,4.432,4.449,4.411,4.448,1460900.0,6475279.0,1.1066,4.4515,1.1065620162,6.4931197553691,股票型基金,规模指数股票型基金,22499200.0,22499200.0
2024-07-02,民生加银沪深300ETF,sh515350,4.448,4.448,4.453,4.432,4.445,1352500.0,6010687.0,1.1045,4.4433,1.1045236452,6.0113248471057,股票型基金,规模指数股票型基金,22499200.0,22499200.0
2024-07-03,民生加银沪深300ETF,sh515350,4.445,4.429,4.438,4.422,4.435,1315200.0,5829406.0,1.1021,4.4335,1.1020875433,5.8455411747973,股票型基金,规模指数股票型基金,22499200.0,22499200.0
2024-07-04,民生加银沪深300ETF,sh515350,4.435,4.441,4.441,4.416,4.416,942200.0,4170143.0,1.0967,4.4117,1.0966684594,4.1877044517138,股票型基金,规模指数股票型基金,22499200.0,22499200.0
2024-07-05,民生加银沪深300ETF,sh515350,4.416,4.405,4.405,4.356,4.404,968500.0,4240294.0,1.0923,4.3943,1.0923431356,4.3045974967999,股票型基金,规模指数股票型基金,22499200.0,22499200.0
2024-07-08,民生加银沪深300ETF,sh515350,4.404,4.383,4.385,4.354,4.363,1028100.0,4497675.0,1.0838,4.3598,1.0837670624,4.5694958042953,股票型基金,规模指数股票型基金,22499200.0,22499200.0
2024-07-09,民生加银沪深300ETF,sh515350,4.363,4.35,4.42,4.344,4.409,982900.0,4313142.0,1.0968,4.4124,1.0968424667,4.3685997724364,股票型基金,规模指数股票型基金,22499200.0,22499200.0
2024-07-10,民生加银沪深300ETF,sh515350,4.409,4.426,4.426,4.4,4.4,494900.0,2183602.0,1.0946,4.4035,1.0946300884,2.1996337647561,股票型基金,规模指数股票型基金,22499200.0,22499200.0
2024-07-11,民生加银沪深300ETF,sh515350,4.4,4.411,4.47,4.411,4.458,382700.0,1702164.0,1.109,4.4615,1.1090478345,1.7009493670886,股票型基金,规模指数股票型基金,22499200.0,22499200.0
2024-07-12,民生加银沪深300ETF,sh515350,4.458,4.462,4.473,4.462,4.472,461800.0,2062217.0,1.1119,4.4731,1.1119313838,2.0525174228417,股票型基金,规模指数股票型基金,22499200.0,22499200.0
2024-07-15,民生加银沪深300ETF,sh515350,4.472,4.466,4.485,4.462,4.475,764200.0,3418921.0,1.1133,4.4785,1.1132737257,3.5380940034816,股票型基金,规模指数股票型基金,21599200.0,21599200.0
2024-07-16,民生加银沪深300ETF,sh515350,4.475,4.475,4.508,4.475,4.507,110600.0,497819.0,1.1214,4.5111,1.1213774933,0.51205600207415,股票型基金,规模指数股票型基金,21599200.0,21599200.0
2024-07-17,民生加银沪深300ETF,sh515350,4.507,4.507,4.533,4.504,4.526,400200.0,1810332.0,1.1229,4.5171,1.1228689843,1.8528464017186,股票型基金,规模指数股票型基金,21599200.0,21599200.0
2024-07-18,民生加银沪深300ETF,sh515350,4.526,4.501,4.546,4.488,4.534,523100.0,2357219.0,1.1291,4.5422,1.1291083882,2.4218489573688,股票型基金,规模指数股票型基金,21599200.0,21599200.0
2024-07-19,民生加银沪深300ETF,sh515350,4.534,4.516,4.579,4.516,4.567,209300.0,952494.0,1.1356,4.5685,1.1356460904,0.96901737101374,股票型基金,规模指数股票型基金,21599200.0,21599200.0
2024-07-22,民生加银沪深300ETF,sh515350,4.567,4.555,4.555,4.512,4.531,316900.0,1437909.0,1.1281,4.5381,1.1280892027,1.4671839697767,股票型基金,规模指数股票型基金,21599200.0,21599200.0
2024-07-23,民生加银沪深300ETF,sh515350,4.531,4.51,4.51,4.448,4.448,1294500.0,5803566.0,1.1049,4.4448,1.104896518,5.9932775287974,股票型基金,规模指数股票型基金,21599200.0,21599200.0
2024-07-24,民生加银沪深300ETF,sh515350,4.448,4.458,4.459,4.409,4.413,943800.0,4188091.0,1.0982,4.4179,1.0982096668,4.3696062817141,股票型基金,规模指数股票型基金,21599200.0,21599200.0
2024-07-25,民生加银沪深300ETF,sh515350,4.413,4.404,4.412,4.377,4.406,1240200.0,5451724.0,1.0923,4.3942,1.0923182774,5.741879328864,股票型基金,规模指数股票型基金,21599200.0,21599200.0
2024-07-26,民生加银沪深300ETF,sh515350,4.406,4.41,4.415,4.391,4.411,476400.0,2099941.0,1.0967,4.412,1.096743034,2.2056372458239,股票型基金,规模指数股票型基金,21599200.0,21599200.0
2024-07-29,民生加银沪深300ETF,sh515350,4.411,4.4,4.405,4.388,4.388,603400.0,2653332.0,1.0911,4.3894,1.0911250846,2.7936219859995,股票型基金,规模指数股票型基金,21599200.0,21599200.0
2024-07-30,民生加银沪深300ETF,sh515350,4.388,4.38,4.38,4.35,4.357,634800.0,2766149.0,1.0846,4.3631,1.0845873825,2.9389977406571,股票型基金,规模指数股票型基金,21599200.0,21599200.0
2024-07-31,民生加银沪深300ETF,sh515350,4.357,4.357,4.461,4.356,4.454,839600.0,3709613.0,1.1081,4.4576,1.1080783654,3.887181006704,股票型基金,规模指数股票型基金,21599200.0,21599200.0
2024-08-01,民生加银沪深300ETF,sh515350,4.454,4.458,4.458,4.428,4.432,321200.0,1428041.0,1.1008,4.4283,1.1007949178,1.4870921145228,股票型基金,规模指数股票型基金,21599200.0,21599200.0
2024-08-02,民生加银沪深300ETF,sh515350,4.432,4.404,4.429,4.384,4.39,333600.0,1466765.0,1.0896,4.3832,1.0895838773,1.5445016482092,股票型基金,规模指数股票型基金,21599200.0,21599200.0
2024-08-05,民生加银沪深300ETF,sh515350,4.39,4.365,4.399,4.331,4.333,1704200.0,7432053.0,1.0764,4.3303,1.0764338984,7.8901070410015,股票型基金,规模指数股票型基金,21599200.0,21599200.0
2024-08-06,民生加银沪深300ETF,sh515350,4.333,4.36,4.365,4.301,4.335,873200.0,3779954.0,1.0764,4.3303,1.0764338984,4.0427423237898,股票型基金,规模指数股票型基金,21599200.0,21599200.0
2024-08-07,民生加银沪深300ETF,sh515350,4.335,4.333,4.349,4.321,4.321,917800.0,3978154.0,1.076,4.3284,1.075961593,4.2492314530168,股票型基金,规模指数股票型基金,21599200.0,21599200.0
2024-08-08,民生加银沪深300ETF,sh515350,4.321,4.323,4.359,4.305,4.336,1684800.0,7307182.0,1.0766,4.331,1.0766079057,7.4882662494666,股票型基金,规模指数股票型基金,22499200.0,22499200.0
2024-08-09,民生加银沪深300ETF,sh515350,4.336,4.349,4.349,4.312,4.317,305600.0,1322962.0,1.0733,4.3177,1.0733017674,1.358270516285,股票型基金,规模指数股票型基金,22499200.0,22499200.0
2024-08-12,民生加银沪深300ETF,sh515350,4.317,4.31,4.324,4.304,4.308,391500.0,1691718.0,1.0713,4.3098,1.0713379709,1.7400618688664,股票型基金,规模指数股票型基金,22499200.0,22499200.0
2024-08-13,民生加银沪深300ETF,sh515350,4.308,4.308,4.319,4.289,4.319,69000.0,296169.0,1.0739,4.3203,1.0739480801,0.30667757075807,股票型基金,规模指数股票型基金,22499200.0,22499200.0
2024-08-14,民生加银沪深300ETF,sh515350,4.319,4.28,4.344,4.278,4.28,276000.0,1184311.0,1.0663,4.2895,1.0662917598,1.2267102830323,股票型基金,规模指数股票型基金,22499200.0,22499200.0
2024-08-15,民生加银沪深300ETF,sh515350,4.28,4.285,4.346,4.285,4.327,1152800.0,4992871.0,1.0768,4.3319,1.0768316294,5.1237377328972,股票型基金,规模指数股票型基金,22499200.0,22499200.0
2024-08-16,民生加银沪深300ETF,sh515350,4.327,4.327,4.35,4.322,4.338,870000.0,3773084.0,1.0785,4.3385,1.0784722695,3.8668041530366,股票型基金,规模指数股票型基金,22499200.0,22499200.0
2024-08-19,民生加银沪深300ETF,sh515350,4.338,4.297,4.371,4.296,4.347,505600.0,2203001.0,1.0821,4.353,1.082076706,2.247191011236,股票型基金,规模指数股票型基金,22499200.0,22499200.0
2024-08-20,民生加银沪深300ETF,sh515350,4.347,4.32,4.323,4.305,4.316,1617000.0,6972772.0,1.0743,4.3217,1.0742960947,7.1869222016783,股票型基金,规模指数股票型基金,22499200.0,22499200.0
2024-08-21,民生加银沪深300ETF,sh515350,4.316,4.305,4.324,4.29,4.306,653100.0,2812789.0,1.0709,4.3079,1.0708656655,2.9027698762623,股票型基金,规模指数股票型基金,22499200.0,22499200.0
2024-08-22,民生加银沪深300ETF,sh515350,4.306,4.3,4.304,4.288,4.297,373400.0,1604351.0,1.0681,4.2967,1.068081549,1.6596145640734,股票型基金,规模指数股票型基金,22499200.0,22499200.0
2024-08-23,民生加银沪深300ETF,sh515350,4.297,4.295,4.327,4.293,4.321,869600.0,3742116.0,1.0729,4.316,1.0728791783,3.8650263120467,股票型基金,规模指数股票型基金,22499200.0,22499200.0
2024-08-26,民生加银沪深300ETF,sh515350,4.321,4.314,4.316,4.297,4.309,492100.0,2116810.0,1.0724,4.314,1.0723820146,2.1871888778268,股票型基金,规模指数股票型基金,22499200.0,22499200.0
2024-08-27,民生加银沪深300ETF,sh515350,4.309,4.291,4.294,4.283,4.294,138100.0,591748.0,1.0664,4.2898,1.0663663343,0.61379960176362,股票型基金,规模指数股票型基金,22499200.0,22499200.0
2024-08-28,民生加银沪深300ETF,sh515350,4.294,4.291,4.291,4.255,4.277,1763300.0,7518036.0,1.061,4.2681,1.0609721086,7.8371675437349,股票型基金,规模指数股票型基金,22499200.0,22499200.0
2024-08-29,民生加银沪深300ETF,sh515350,4.277,4.25,4.272,4.248,4.256,1443300.0,6147895.0,1.0582,4.2571,1.0582377085,6.4148947518134,股票型基金,规模指数股票型基金,22499200.0,22499200.0
2024-08-30,民生加银沪深300ETF,sh515350,4.256,4.256,4.35,4.246,4.313,1003100.0,4313444.0,1.0723,4.3137,1.0723074401,4.4583807424264,股票型基金,规模指数股票型基金,22499200.0,22499200.0
2024-09-02,民生加银沪深300ETF,sh515350,4.313,4.29,4.29,4.235,4.235,639100.0,2729812.0,1.0542,4.241,1.054235541,2.8405454416157,股票型基金,规模指数股票型基金,22499200.0,22499200.0
2024-09-03,民生加银沪深300ETF,sh515350,4.235,4.235,4.252,4.235,4.245,620400.0,2633554.0,1.057,4.2521,1.0569947993,2.7574313753378,股票型基金,规模指数股票型基金,22499200.0,22499200.0
2024-09-04,民生加银沪深300ETF,sh515350,4.245,4.238,4.238,4.22,4.226,140000.0,591501.0,1.0503,4.225,1.0502582318,0.62224434646565,股票型基金,规模指数股票型基金,22499200.0,22499200.0
2024-09-05,民生加银沪深300ETF,sh515350,4.226,4.225,4.238,4.22,4.234,1037500.0,4385231.0,1.052,4.2321,1.0520231627,4.611275067558,股票型基金,规模指数股票型基金,22499200.0,22499200.0
2024-09-06,民生加银沪深300ETF,sh515350,4.234,4.23,4.245,4.189,4.197,471600.0,1993412.0,1.0436,4.1982,1.0435962387,2.0960745270943,股票型基金,规模指数股票型基金,22499200.0,22499200.0
2024-09-09,民生加银沪深300ETF,sh515350,4.197,4.18,4.184,4.131,4.146,631200.0,2621922.0,1.0314,4.149,1.0313660127,2.8054330820651,股票型基金,规模指数股票型基金,22499200.0,22499200.0
2024-09-10,民生加银沪深300ETF,sh515350,4.146,4.144,4.15,4.12,4.15,394700.0,1630143.0,1.0323,4.1527,1.0322857654,1.7542845967857,股票型基金,规模指数股票型基金,22499200.0,22499200.0
2024-09-11,民生加银沪深300ETF,sh515350,4.15,4.142,4.149,4.132,4.141,522100.0,2162757.0,1.0294,4.1409,1.0293524998,2.3205269520694,股票型基金,规模指数股票型基金,22499200.0,22499200.0
2024-09-12,民生加银沪深300ETF,sh515350,4.141,4.151,4.158,4.126,4.126,555700.0,2296436.0,1.0251,4.1236,1.0250520342,2.4698655952212,股票型基金,规模指数股票型基金,22499200.0,22499200.0
2024-09-13,民生加银沪深300ETF,sh515350,4.126,4.133,4.142,4.107,4.107,864100.0,3571528.0,1.021,4.1071,1.020950434,3.8405809984355,股票型基金,规模指数股票型基金,22499200.0,22499200.0
2024-09-18,民生加银沪深300ETF,sh515350,4.107,4.107,4.136,4.092,4.123,1134558.0,4662297.0,1.0246,4.1218,1.0246045869,5.0426592945527,股票型基金,规模指数股票型基金,22499200.0,22499200.0
2024-09-19,民生加银沪深300ETF,sh515350,4.123,4.119,4.181,4.098,4.152,2086900.0,8653004.0,1.0328,4.1546,1.0327580709,9.2754409045655,股票型基金,规模指数股票型基金,22499200.0,22499200.0
2024-09-20,民生加银沪深300ETF,sh515350,4.152,4.208,4.208,4.124,4.161,2395400.0,9930618.0,1.0344,4.1611,1.0343738528,10.646600768027,股票型基金,规模指数股票型基金,22499200.0,22499200.0
2024-09-23,民生加银沪深300ETF,sh515350,4.161,4.159,4.195,4.148,4.177,822500.0,3439478.0,1.0382,4.1764,1.0381771548,3.6556855354857,股票型基金,规模指数股票型基金,22499200.0,22499200.0
2024-09-24,民生加银沪深300ETF,sh515350,4.177,4.222,4.36,4.199,4.36,2280600.0,9710575.0,1.0826,4.3553,1.0826484442,10.136360403925,股票型基金,规模指数股票型基金,22499200.0,22499200.0
2024-09-25,民生加银沪深300ETF,sh515350,4.36,4.39,4.5,4.36,4.421,1216000.0,5410880.0,1.0987,4.4197,1.0986571141,5.4046366093017,股票型基金,规模指数股票型基金,22499200.0,22499200.0
2024-09-26,民生加银沪深300ETF,sh515350,4.421,4.416,4.637,4.41,4.634,4042400.0,18029602.0,1.145,4.606,1.144967909,17.275804301002,股票型基金,规模指数股票型基金,23399200.0,23399200.0
2024-09-27,民生加银沪深300ETF,sh515350,4.634,4.673,4.85,4.669,4.85,574200.0,2701933.0,1.1963,4.8124,1.1962751987,2.4539300488906,股票型基金,规模指数股票型基金,23399200.0,23399200.0
2024-09-30,民生加银沪深300ETF,sh515350,4.85,4.853,5.315,4.552,5.189,4070485.0,20722795.0,1.2967,5.2164,1.296702258,17.395829771958,股票型基金,规模指数股票型基金,23399186.0,23399200.0
2024-10-08,民生加银沪深300ETF,sh515350,5.189,5.708,5.708,5.3,5.562,1926700.0,10700543.0,1.3719,5.5191,1.371947978,8.2340421894766,股票型基金,规模指数股票型基金,23399200.0,23399200.0
2024-10-09,民生加银沪深300ETF,sh515350,5.562,5.523,5.523,5.069,5.219,3312657.0,17381171.0,1.2769,5.1369,1.2769400025,14.157137850867,股票型基金,规模指数股票型基金,23399200.0,23399200.0
2024-10-10,民生加银沪深300ETF,sh515350,5.219,5.287,5.32,5.086,5.19,1297400.0,6761039.0,1.29,5.1896,1.290040265,5.5446340045814,股票型基金,规模指数股票型基金,23399200.0,23399200.0
2024-10-11,民生加银沪深300ETF,sh515350,5.19,5.203,5.203,4.998,5.049,2217700.0,11262621.0,1.2544,5.0461,1.2543687724,9.4776744504086,股票型基金,规模指数股票型基金,23399200.0,23399200.0
2024-10-14,民生加银沪深300ETF,sh515350,5.049,5.06,5.156,5.02,5.14,794300.0,4049641.0,1.278,5.1412,1.2780089044,3.3945604977948,股票型基金,规模指数股票型基金,23399200.0,23399200.0
2024-10-15,民生加银沪深300ETF,sh515350,5.14,5.122,5.151,5.016,5.016,853457.0,4353714.0,1.2445,5.0064,1.2445000737,3.7932770942967,股票型基金,规模指数股票型基金,22499200.0,22499200.0
2024-10-16,民生加银沪深300ETF,sh515350,5.016,4.966,5.035,4.948,4.978,260785.0,1300179.0,1.2364,4.974,1.2364460224,1.1590856563789,股票型基金,规模指数股票型基金,22499200.0,22499200.0
2024-10-17,民生加银沪深300ETF,sh515350,4.978,5.127,5.127,4.918,4.925,503700.0,2498508.0,1.2227,4.9188,1.2227243054,2.2387462665339,股票型基金,规模指数股票型基金,22499200.0,22499200.0
2024-10-18,民生加银沪深300ETF,sh515350,4.925,4.949,5.202,4.905,5.105,1173300.0,5933451.0,1.2679,5.1005,1.2678916239,5.2148520836296,股票型基金,规模指数股票型基金,22499200.0,22499200.0
2024-10-21,民生加银沪深300ETF,sh515350,5.105,5.16,5.176,5.026,5.11,1019000.0,5208440.0,1.2707,5.1118,1.2707005986,4.529049921775,股票型基金,规模指数股票型基金,22499200.0,22499200.0
2024-10-22,民生加银沪深300ETF,sh515350,5.11,5.212,5.212,5.088,5.136,575600.0,2946230.0,1.2778,5.1404,1.2778100389,2.5583131844688,股票型基金,规模指数股票型基金,22499200.0,22499200.0
2024-10-23,民生加银沪深300ETF,sh515350,5.136,5.222,5.222,5.105,5.145,541000.0,2791091.0,1.2828,5.1606,1.2828313919,2.3120448562344,股票型基金,规模指数股票型基金,23399200.0,23399200.0
2024-10-24,民生加银沪深300ETF,sh515350,5.145,5.131,5.138,5.086,5.1,385300.0,1974204.0,1.2687,5.1037,1.2686870858,1.6466374918801,股票型基金,规模指数股票型基金,23399200.0,23399200.0
2024-10-25,民生加银沪深300ETF,sh515350,5.1,5.202,5.202,5.102,5.126,1373600.0,7056966.0,1.2776,5.1397,1.2776360317,5.8702861636295,股票型基金,规模指数股票型基金,23399200.0,23399200.0
2024-10-28,民生加银沪深300ETF,sh515350,5.126,5.114,5.222,5.092,5.145,1050900.0,5389432.0,1.28,5.1492,1.279997559,4.4911791856132,股票型基金,规模指数股票型基金,23399200.0,23399200.0
2024-10-29,民生加银沪深300ETF,sh515350,5.145,5.137,5.191,5.092,5.106,591700.0,3038832.0,1.2674,5.0985,1.2673944603,2.5287189305617,股票型基金,规模指数股票型基金,23399200.0,23399200.0
2024-10-30,民生加银沪深300ETF,sh515350,5.106,5.099,5.099,5.015,5.045,980200.0,4957219.0,1.2562,5.0535,1.2562082779,4.0338776585237,股票型基金,规模指数股票型基金,24299200.0,24299200.0
2024-10-31,民生加银沪深300ETF,sh515350,5.045,5.039,5.096,5.024,5.046,2207100.0,11133098.0,1.2569,5.0561,1.2568545907,9.0830150786857,股票型基金,规模指数股票型基金,24299200.0,24299200.0
2024-11-01,民生加银沪深300ETF,sh515350,5.046,5.046,5.107,5.044,5.059,1176400.0,5968090.0,1.2566,5.0552,1.256630867,4.8413116481201,股票型基金,规模指数股票型基金,24299200.0,24299200.0
2024-11-04,民生加银沪深300ETF,sh515350,5.059,5.045,5.123,5.045,5.121,1123500.0,5696117.0,1.2738,5.1244,1.2738327297,4.623609007704,股票型基金,规模指数股票型基金,24299200.0,24299200.0
2024-11-05,民生加银沪深300ETF,sh515350,5.121,5.022,5.263,5.022,5.256,2486400.0,12932672.0,1.3058,5.2528,1.3057506366,10.232435635741,股票型基金,规模指数股票型基金,24299200.0,24299200.0
2024-11-06,民生加银沪深300ETF,sh515350,5.256,5.151,5.424,5.151,5.229,1681500.0,8835775.0,1.2994,5.2274,1.2994366581,6.9199809047211,股票型基金,规模指数股票型基金,24299200.0,24299200.0
2024-11-07,民生加银沪深300ETF,sh515350,5.229,5.151,5.382,5.151,5.382,3139100.0,16685519.0,1.3388,5.3857,1.3387871618,12.457141496555,股票型基金,规模指数股票型基金,25199200.0,25199200.0
2024-11-08,民生加银沪深300ETF,sh515350,5.382,5.378,5.456,5.318,5.339,3199000.0,17220239.0,1.3261,5.3345,1.3260597721,12.694847455475,股票型基金,规模指数股票型基金,25199200.0,25199200.0
2024-11-11,民生加银沪深300ETF,sh515350,5.339,5.3,5.367,5.265,5.367,1982000.0,10519238.0,1.3346,5.3688,1.3345861289,7.8653290580653,股票型基金,规模指数股票型基金,25199200.0,25199200.0
2024-11-12,民生加银沪深300ETF,sh515350,5.367,5.262,5.43,5.261,5.305,1704800.0,9098274.0,1.32,5.31,1.3199695173,6.7652941363218,股票型基金,规模指数股票型基金,25199200.0,25199200.0
2024-11-13,民生加银沪深300ETF,sh515350,5.305,5.305,5.344,5.225,5.336,1612100.0,8571599.0,1.3281,5.3427,1.3280981431,6.3974253150894,股票型基金,规模指数股票型基金,25199200.0,25199200.0
2024-11-14,民生加银沪深300ETF,sh515350,5.336,5.341,5.347,5.244,5.25,1668900.0,8834030.0,1.3054,5.2513,1.3053777639,6.6228292961681,股票型基金,规模指数股票型基金,25199200.0,25199200.0
2024-11-15,民生加银沪深300ETF,sh515350,5.25,5.252,5.257,5.156,5.156,1384000.0,7244888.0,1.283,5.1611,1.2829556828,5.4922378488206,股票型基金,规模指数股票型基金,25199200.0,25199200.0
2024-11-18,民生加银沪深300ETF,sh515350,5.156,5.182,5.243,5.116,5.134,3239100.0,16802004.0,1.2769,5.1366,1.276865428,12.853979491412,股票型基金,规模指数股票型基金,25199200.0,25199200.0
2024-11-19,民生加银沪深300ETF,sh515350,5.134,5.147,5.164,5.074,5.164,3175481.0,16306201.0,1.2851,5.1699,1.2851432029,12.601515127464,股票型基金,规模指数股票型基金,25199200.0,25199200.0
2024-11-20,民生加银沪深300ETF,sh515350,5.164,5.144,5.196,5.144,5.175,1616400.0,8362057.0,1.288,5.1815,1.2880267521,6.4144893488682,股票型基金,规模指数股票型基金,25199200.0,25199200.0
2024-11-21,民生加银沪深300ETF,sh515350,5.175,5.165,5.19,5.162,5.178,2071100.0,10715229.0,1.2891,5.1857,1.2890707958,8.5233258708106,股票型基金,规模指数股票型基金,24299200.0,24299200.0
2024-11-22,民生加银沪深300ETF,sh515350,5.178,5.175,5.182,5.018,5.031,1287300.0,6583901.0,1.2498,5.0279,1.2498445831,5.2977052742477,股票型基金,规模指数股票型基金,24299200.0,24299200.0
2024-11-25,民生加银沪深300ETF,sh515350,5.031,5.045,5.054,4.956,4.989,3389400.0,17027171.0,1.2439,5.0041,1.2439283355,13.948607361559,股票型基金,规模指数股票型基金,24299200.0,24299200.0
2024-11-26,民生加银沪深300ETF,sh515350,4.989,5.089,5.089,4.987,4.993,1139900.0,5704215.0,1.2415,4.9942,1.2414673754,4.6911009415948,股票型基金,规模指数股票型基金,24299200.0,24299200.0
2024-11-27,民生加银沪深300ETF,sh515350,4.993,4.984,5.07,4.967,5.068,1161400.0,5835516.0,1.2626,5.0793,1.2626216891,4.7795812207809,股票型基金,规模指数股票型基金,24299200.0,24299200.0
2024-11-28,民生加银沪深300ETF,sh515350,5.068,5.068,5.075,5.028,5.039,1296200.0,6536125.0,1.2519,5.0362,1.2519078122,5.334331994469,股票型基金,规模指数股票型基金,24299200.0,24299200.0
2024-11-29,民生加银沪深300ETF,sh515350,5.039,5.077,5.148,5.049,5.084,1936300.0,9855756.0,1.266,5.093,1.2660272602,7.9685750971225,股票型基金,规模指数股票型基金,24299200.0,24299200.0
2024-12-02,民生加银沪深300ETF,sh515350,5.084,5.1,5.139,5.1,5.122,1068900.0,5469209.0,1.2758,5.1324,1.2758213843,4.3989102521894,股票型基金,规模指数股票型基金,24299200.0,24299200.0
2024-12-03,民生加银沪深300ETF,sh515350,5.122,5.123,5.177,5.023,5.131,1155900.0,5915027.0,1.2772,5.1381,1.2772383007,4.7569467307566,股票型基金,规模指数股票型基金,24299200.0,24299200.0
2024-12-04,民生加银沪深300ETF,sh515350,5.131,5.124,5.14,5.092,5.105,290785.0,1486741.0,1.2704,5.1104,1.270352584,1.1966854875881,股票型基金,规模指数股票型基金,24299200.0,24299200.0
2024-12-05,民生加银沪深300ETF,sh515350,5.105,5.103,5.111,5.083,5.095,406200.0,2069628.0,1.2674,5.0986,1.2674193184,1.6716599723448,股票型基金,规模指数股票型基金,24299200.0,24299200.0
2024-12-06,民生加银沪深300ETF,sh515350,5.095,5.1,5.186,5.1,5.162,1015600.0,5239215.0,1.284,5.1655,1.2840494429,4.1795614670442,股票型基金,规模指数股票型基金,24299200.0,24299200.0
2024-12-09,民生加银沪深300ETF,sh515350,5.162,5.156,5.189,5.128,5.155,940429.0,4843930.0,1.2818,5.1564,1.2817873482,3.8702056034767,股票型基金,规模指数股票型基金,24299200.0,24299200.0
2024-12-10,民生加银沪深300ETF,sh515350,5.155,5.263,5.333,5.19,5.194,1108500.0,5810604.0,1.2912,5.1942,1.2911837414,4.5618785803648,股票型基金,规模指数股票型基金,24299200.0,24299200.0
2024-12-11,民生加银沪深300ETF,sh515350,5.194,5.193,5.206,5.171,5.177,1157000.0,6006474.0,1.2891,5.1857,1.2890707958,4.7614736287614,股票型基金,规模指数股票型基金,24299200.0,24299200.0
2024-12-12,民生加银沪深300ETF,sh515350,5.177,5.184,5.244,5.184,5.241,271100.0,1414998.0,1.3017,5.2364,1.3016738946,1.11567459011,股票型基金,规模指数股票型基金,24299200.0,24299200.0
2024-12-13,民生加银沪深300ETF,sh515350,5.241,5.184,5.184,5.11,5.117,1239200.0,6369016.0,1.2714,5.1146,1.2713966277,5.0997563705801,股票型基金,规模指数股票型基金,24299200.0,24299200.0
2024-12-16,民生加银沪深300ETF,sh515350,5.117,5.108,5.117,5.073,5.086,495800.0,2523277.0,1.2643,5.0861,1.2643120456,2.0403963916508,股票型基金,规模指数股票型基金,24299200.0,24299200.0
2024-12-17,民生加银沪深300ETF,sh515350,5.086,5.099,5.118,5.088,5.102,427000.0,2176960.0,1.2676,5.0993,1.2675933257,1.7572594982551,股票型基金,规模指数股票型基金,24299200.0,24299200.0
2024-12-18,民生加银沪深300ETF,sh515350,5.102,5.103,5.137,5.103,5.117,792000.0,4061734.0,1.2739,5.1246,1.273882446,3.2593665635083,股票型基金,规模指数股票型基金,24299200.0,24299200.0
2024-12-19,民生加银沪深300ETF,sh515350,5.117,5.107,5.137,5.103,5.127,493500.0,2524006.0,1.275,5.1292,1.2750259224,2.0309310594587,股票型基金,规模指数股票型基金,24299200.0,24299200.0
2024-12-20,民生加银沪深300ETF,sh515350,5.127,5.127,5.143,5.107,5.112,1433200.0,7335275.0,1.2705,5.111,1.2705017331,5.8981365641667,股票型基金,规模指数股票型基金,24299200.0,24299200.0
2024-12-23,民生加银沪深300ETF,sh515350,5.112,5.143,5.151,5.101,5.119,656800.0,3373287.0,1.2723,5.1182,1.2722915223,2.7029696450912,股票型基金,规模指数股票型基金,24299200.0,24299200.0
2024-12-24,民生加银沪深300ETF,sh515350,5.119,5.124,5.188,5.124,5.18,915200.0,4726771.0,1.2886,5.1838,1.2885984904,3.766379140054,股票型基金,规模指数股票型基金,24299200.0,24299200.0
2024-12-25,民生加银沪深300ETF,sh515350,5.18,5.205,5.206,5.166,5.186,858500.0,4449035.0,1.2891,5.1859,1.2891205122,3.5330381247119,股票型基金,规模指数股票型基金,24299200.0,24299200.0
2024-12-26,民生加银沪深300ETF,sh515350,5.186,5.168,5.197,5.168,5.182,479110.0,2483153.0,1.2898,5.1886,1.2897916831,1.9717110028314,股票型基金,规模指数股票型基金,24299200.0,24299200.0
2024-12-27,民生加银沪深300ETF,sh515350,5.182,5.184,5.205,5.169,5.18,1014000.0,5253643.0,1.2878,5.1805,1.2877781703,4.172976888128,股票型基金,规模指数股票型基金,24299200.0,24299200.0
2024-12-30,民生加银沪深300ETF,sh515350,5.18,5.203,5.209,5.191,5.204,464400.0,2414376.0,1.2936,5.204,1.2936198433,1.9111740304208,股票型基金,规模指数股票型基金,24299200.0,24299200.0
2024-12-31,民生加银沪深300ETF,sh515350,5.204,5.199,5.199,5.121,5.124,674400.0,3475957.0,1.2728,5.1202,1.272788686,2.8821498170878,股票型基金,规模指数股票型基金,23399186.0,23399200.0
2025-01-02,民生加银沪深300ETF,sh515350,5.124,5.106,5.107,4.946,4.97,1182600.0,5955119.0,1.236,4.9724,1.2360482915,5.0540189408185,股票型基金,规模指数股票型基金,23399200.0,23399200.0
2025-01-03,民生加银沪深300ETF,sh515350,4.97,5.069,5.069,4.91,4.921,1406900.0,6964000.0,1.222,4.916,1.2220282763,6.0125987213238,股票型基金,规模指数股票型基金,23399200.0,23399200.0
2025-01-06,民生加银沪深300ETF,sh515350,4.921,4.823,4.933,4.823,4.914,1045900.0,5131166.0,1.2198,4.9069,1.2197661816,4.4698109337071,股票型基金,规模指数股票型基金,23399200.0,23399200.0
2025-01-07,民生加银沪深300ETF,sh515350,4.914,4.888,4.941,4.888,4.941,914500.0,4488625.0,1.2287,4.943,1.2287399857,3.9082532736162,股票型基金,规模指数股票型基金,23399200.0,23399200.0
2025-01-08,民生加银沪深300ETF,sh515350,4.941,4.93,4.963,4.872,4.94,3791900.0,18695790.0,1.227,4.936,1.2269999129,15.047699926982,股票型基金,规模指数股票型基金,25199200.0,25199200.0
2025-01-09,民生加银沪深300ETF,sh515350,4.94,4.922,4.94,4.914,4.928,460400.0,2267639.0,1.224,4.9238,1.2239672146,1.8270421283215,股票型基金,规模指数股票型基金,25199200.0,25199200.0
2025-01-10,民生加银沪深300ETF,sh515350,4.928,4.925,4.925,4.87,4.87,529000.0,2591113.0,1.2093,4.8647,1.2092760284,2.0992729927934,股票型基金,规模指数股票型基金,25199200.0,25199200.0
2025-01-13,民生加银沪深300ETF,sh515350,4.87,4.84,4.87,4.834,4.854,728200.0,3533720.0,1.2059,4.8511,1.2058953155,2.8897742785485,股票型基金,规模指数股票型基金,25199200.0,25199200.0
2025-01-14,民生加银沪深300ETF,sh515350,4.854,4.872,4.988,4.864,4.97,1331600.0,6577290.0,1.2373,4.9773,1.2372663425,5.2842947395155,股票型基金,规模指数股票型基金,25199200.0,25199200.0
2025-01-15,民生加银沪深300ETF,sh515350,4.97,4.952,4.965,4.938,4.942,398800.0,1973970.0,1.2294,4.9457,1.2294111566,1.5825899234896,股票型基金,规模指数股票型基金,25199200.0,25199200.0
2025-01-16,民生加银沪深300ETF,sh515350,4.942,4.85,5.007,4.85,4.948,1515000.0,7502840.0,1.2308,4.9513,1.2308032149,6.0120956220832,股票型基金,规模指数股票型基金,25199200.0,25199200.0
2025-01-17,民生加银沪深300ETF,sh515350,4.948,4.935,4.983,4.93,4.96,660300.0,3277584.0,1.2347,4.9668,1.2346562332,2.6203212800406,股票型基金,规模指数股票型基金,25199200.0,25199200.0
2025-01-20,民生加银沪深300ETF,sh515350,4.96,5.006,5.021,4.977,4.986,501400.0,2504863.0,1.2402,4.9891,1.2401996081,1.9897457062129,股票型基金,规模指数股票型基金,25199200.0,25199200.0
2025-01-21,民生加银沪深300ETF,sh515350,4.986,5.002,5.006,4.969,4.986,838500.0,4184441.0,1.2411,4.9928,1.2411193608,3.4507308882597,股票型基金,规模指数股票型基金,24299200.0,24299200.0
2025-01-22,民生加银沪深300ETF,sh515350,4.986,4.953,4.955,4.937,4.948,412200.0,2036034.0,1.2299,4.9476,1.2298834621,1.6963521432804,股票型基金,规模指数股票型基金,24299200.0,24299200.0
2025-01-23,民生加银沪深300ETF,sh515350,4.948,5.009,5.034,4.959,4.959,317500.0,1590445.0,1.2325,4.9581,1.2324935713,1.3066273786791,股票型基金,规模指数股票型基金,24299200.0,24299200.0
2025-01-24,民生加银沪深300ETF,sh515350,4.959,4.959,5.013,4.959,4.998,737500.0,3679357.0,1.2426,4.9986,1.2425611354,3.0350793441759,股票型基金,规模指数股票型基金,24299200.0,24299200.0
2025-01-27,民生加银沪深300ETF,sh515350,4.998,5.008,5.014,4.976,4.976,549000.0,2740709.0,1.2375,4.9782,1.2374900661,2.2593336406137,股票型基金,规模指数股票型基金,24299200.0,24299200.0
2025-02-05,民生加银沪深300ETF,sh515350,4.976,4.962,4.966,4.931,4.948,250100.0,1238582.0,1.2302,4.949,1.2302314767,1.0292519918351,股票型基金,规模指数股票型基金,24299200.0,24299200.0
2025-02-06,民生加银沪深300ETF,sh515350,4.948,4.948,5.01,4.946,5.01,607800.0,3023248.0,1.2455,5.0105,1.2455192592,2.5013169157832,股票型基金,规模指数股票型基金,24299200.0,24299200.0
2025-02-07,民生加银沪深300ETF,sh515350,5.01,5.058,5.11,5.025,5.064,303300.0,1537290.0,1.2613,5.0739,1.2612793472,1.2481892407981,股票型基金,规模指数股票型基金,24299200.0,24299200.0
2025-02-10,民生加银沪深300ETF,sh515350,5.064,5.073,5.083,5.057,5.077,292200.0,1482561.0,1.2641,5.0852,1.2640883219,1.2025087245671,股票型基金,规模指数股票型基金,24299200.0,24299200.0
2025-02-11,民生加银沪深300ETF,sh515350,5.077,5.074,5.074,5.042,5.065,221200.0,1119071.0,1.2583,5.062,1.2583212235,0.91031803516165,股票型基金,规模指数股票型基金,24299200.0,24299200.0
2025-02-12,民生加银沪深300ETF,sh515350,5.065,5.054,5.112,5.046,5.1,342100.0,1737197.0,1.2699,5.1086,1.2699051367,1.4078652795154,股票型基金,规模指数股票型基金,24299200.0,24299200.0
2025-02-13,民生加银沪深300ETF,sh515350,5.1,5.095,5.12,5.085,5.096,289200.0,1474069.0,1.2654,5.0904,1.2653809474,1.1901626390992,股票型基金,规模指数股票型基金,24299200.0,24299200.0
2025-02-14,民生加银沪深300ETF,sh515350,5.096,5.093,5.138,5.086,5.138,538100.0,2750889.0,1.2761,5.1335,1.2760948243,2.2144761967472,股票型基金,规模指数股票型基金,24299200.0,24299200.0
2025-02-17,民生加银沪深300ETF,sh515350,5.138,5.146,5.15,5.108,5.15,711300.0,3648946.0,1.2787,5.1439,1.2786800753,2.9272568644235,股票型基金,规模指数股票型基金,24299200.0,24299200.0
2025-02-18,民生加银沪深300ETF,sh515350,5.15,5.121,5.156,5.082,5.097,708900.0,3633007.0,1.2677,5.0998,1.2677176166,2.9173799960493,股票型基金,规模指数股票型基金,24299200.0,24299200.0
2025-02-19,民生加银沪深300ETF,sh515350,5.097,5.092,5.134,5.092,5.13,582800.0,2983828.0,1.2764,5.1347,1.2763931225,2.3984328702179,股票型基金,规模指数股票型基金,24299200.0,24299200.0
2025-02-20,民生加银沪深300ETF,sh515350,5.13,5.112,5.123,5.105,5.118,306900.0,1569567.0,1.2729,5.1205,1.2728632605,1.2630045433595,股票型基金,规模指数股票型基金,24299200.0,24299200.0
2025-02-21,民生加银沪深300ETF,sh515350,5.118,5.118,5.189,5.116,5.188,1082200.0,5595774.0,1.2887,5.1843,1.2887227813,4.4536445644301,股票型基金,规模指数股票型基金,24299200.0,24299200.0
2025-02-24,民生加银沪深300ETF,sh515350,5.188,5.089,5.199,5.089,5.162,740000.0,3823740.0,1.2857,5.1723,1.2857397993,3.0453677487325,股票型基金,规模指数股票型基金,24299200.0,24299200.0
2025-02-25,民生加银沪深300ETF,sh515350,5.162,5.1,5.148,5.1,5.114,1844100.0,9469490.0,1.2718,5.1163,1.2718192168,7.5891387370778,股票型基金,规模指数股票型基金,24299200.0,24299200.0
2025-02-26,民生加银沪深300ETF,sh515350,5.114,5.126,5.162,5.116,5.156,1639700.0,8425002.0,1.2827,5.1599,1.2826573846,6.747958780536,股票型基金,规模指数股票型基金,24299200.0,24299200.0
2025-02-27,民生加银沪深300ETF,sh515350,5.156,5.152,5.172,5.126,5.171,807500.0,4158274.0,1.2853,5.1706,1.2853172102,3.3231546717587,股票型基金,规模指数股票型基金,24299200.0,24299200.0
2025-02-28,民生加银沪深300ETF,sh515350,5.171,5.152,5.152,5.069,5.069,2037000.0,10388012.0,1.2604,5.0704,1.2604093108,8.3829920326595,股票型基金,规模指数股票型基金,24299200.0,24299200.0
2025-03-03,民生加银沪深300ETF,sh515350,5.069,5.079,5.116,5.044,5.068,682400.0,3463235.0,1.2602,5.0694,1.260160729,2.80832290775,股票型基金,规模指数股票型基金,24299200.0,24299200.0
2025-03-04,民生加银沪深300ETF,sh515350,5.068,5.044,5.064,5.03,5.06,565100.0,2852223.0,1.2593,5.0658,1.2592658344,2.3255909659577,股票型基金,规模指数股票型基金,24299200.0,24299200.0
2025-03-05,民生加银沪深300ETF,sh515350,5.06,5.06,5.088,5.05,5.076,1422700.0,7212933.0,1.2648,5.0879,1.2647594929,5.8549252650293,股票型基金,规模指数股票型基金,24299200.0,24299200.0
2025-03-06,民生加银沪深300ETF,sh515350,5.076,5.11,5.163,5.11,5.149,1663200.0,8550674.0,1.282,5.1573,1.2820110719,6.6002095304613,股票型基金,规模指数股票型基金,25199200.0,25199200.0
2025-03-07,民生加银沪深300ETF,sh515350,5.149,5.156,5.164,5.125,5.125,439200.0,2260492.0,1.278,5.1412,1.2780089044,1.7429124734119,股票型基金,规模指数股票型基金,25199200.0,25199200.0
2025-03-10,民生加银沪深300ETF,sh515350,5.125,5.145,5.145,5.089,5.118,1363200.0,6965710.0,1.273,5.121,1.2729875514,5.8258401996649,股票型基金,规模指数股票型基金,23399200.0,23399200.0
2025-03-11,民生加银沪深300ETF,sh515350,5.118,5.093,5.127,5.078,5.126,1741500.0,8883634.0,1.277,5.1373,1.2770394353,7.7402752097852,股票型基金,规模指数股票型基金,22499200.0,22499200.0
2025-03-12,民生加银沪深300ETF,sh515350,5.126,5.118,5.118,5.106,5.114,85900.0,439133.0,1.2727,5.12,1.2727389696,0.38179135258143,股票型基金,规模指数股票型基金,22499200.0,22499200.0
2025-03-13,民生加银沪深300ETF,sh515350,5.114,5.114,5.128,5.076,5.09,628100.0,3202179.0,1.2675,5.0989,1.267493893,2.7916548143934,股票型基金,规模指数股票型基金,22499200.0,22499200.0
2025-03-14,民生加银沪深300ETF,sh515350,5.09,5.119,5.226,5.119,5.213,1182900.0,6153977.0,1.2984,5.2231,1.2983677563,5.2575202673873,股票型基金,规模指数股票型基金,22499200.0,22499200.0
2025-03-17,民生加银沪深300ETF,sh515350,5.213,5.266,5.35,5.114,5.209,588200.0,3069994.0,1.2952,5.2103,1.2951859088,2.6143151756507,股票型基金,规模指数股票型基金,22499200.0,22499200.0
2025-03-18,民生加银沪深300ETF,sh515350,5.209,5.294,5.294,5.206,5.22,843300.0,4401122.0,1.2987,5.2243,1.2986660545,3.7481332669606,股票型基金,规模指数股票型基金,22499200.0,22499200.0
2025-03-19,民生加银沪深300ETF,sh515350,5.22,5.2,5.226,5.2,5.225,563487.0,2941653.0,1.2994,5.2272,1.2993869418,2.5044757146921,股票型基金,规模指数股票型基金,22499200.0,22499200.0
2025-03-20,民生加银沪深300ETF,sh515350,5.225,5.229,5.229,5.177,5.179,756900.0,3939021.0,1.2886,5.1839,1.2886233485,3.3641196131418,股票型基金,规模指数股票型基金,22499200.0,22499200.0
2025-03-21,民生加银沪深300ETF,sh515350,5.179,5.179,5.184,5.094,5.101,836600.0,4298673.0,1.269,5.1051,1.2690351003,3.7183544303797,股票型基金,规模指数股票型基金,22499200.0,22499200.0
2025-03-24,民生加银沪深300ETF,sh515350,5.101,5.104,5.13,5.096,5.126,1559100.0,7972131.0,1.2753,5.1305,1.2753490788,6.92957971839,股票型基金,规模指数股票型基金,22499200.0,22499200.0
2025-03-25,民生加银沪深300ETF,sh515350,5.126,5.118,5.139,5.108,5.139,1981000.0,10156729.0,1.2756,5.1314,1.2755728025,9.171635986518,股票型基金,规模指数股票型基金,21599200.0,21599200.0
2025-03-26,民生加银沪深300ETF,sh515350,5.139,5.139,5.143,5.112,5.112,366500.0,1880439.0,1.2714,5.1148,1.2714463441,1.6968221045224,股票型基金,规模指数股票型基金,21599200.0,21599200.0
2025-03-27,民生加银沪深300ETF,sh515350,5.112,5.111,5.154,5.111,5.132,286200.0,1471718.0,1.2756,5.1315,1.2755976606,1.3250490758917,股票型基金,规模指数股票型基金,21599200.0,21599200.0
2025-03-28,民生加银沪深300ETF,sh515350,5.132,5.191,5.191,5.08,5.116,671000.0,3434257.0,1.2701,5.1092,1.2700542858,3.1065965406126,股票型基金,规模指数股票型基金,21599200.0,21599200.0
2025-03-31,民生加银沪深300ETF,sh515350,5.116,5.094,5.105,5.057,5.08,228100.0,1156169.0,1.2609,5.0724,1.2609064745,1.0560576317641,股票型基金,规模指数股票型基金,21599186.0,21599200.0
2025-04-01,民生加银沪深300ETF,sh515350,5.08,5.092,5.122,5.067,5.07,995100.0,5047795.0,1.2612,5.0736,1.2612047727,4.6071150783362,股票型基金,规模指数股票型基金,21599200.0,21599200.0
2025-04-02,民生加银沪深300ETF,sh515350,5.07,5.086,5.086,5.059,5.062,422600.0,2146209.0,1.2601,5.0691,1.2600861545,1.9565539464425,股票型基金,规模指数股票型基金,21599200.0,21599200.0
2025-04-03,民生加银沪深300ETF,sh515350,5.062,5.041,5.061,5.024,5.036,720900.0,3629312.0,1.2529,5.0402,1.2529021396,3.3376236156895,股票型基金,规模指数股票型基金,21599200.0,21599200.0
2025-04-07,民生加银沪深300ETF,sh515350,5.036,4.995,5.088,4.606,4.722,2957400.0,13969350.0,1.1634,4.6803,1.1634375389,12.638893637389,股票型基金,规模指数股票型基金,23399200.0,23399200.0
2025-04-08,民生加银沪深300ETF,sh515350,4.722,4.717,4.748,4.668,4.732,2697800.0,12706090.0,1.184,4.7629,1.1839703981,11.529453998427,股票型基金,规模指数股票型基金,23399200.0,23399200.0
2025-04-09,民生加银沪深300ETF,sh515350,4.732,4.706,4.8,4.687,4.782,1841500.0,8774912.0,1.1965,4.8132,1.1964740642,7.8699271769975,股票型基金,规模指数股票型基金,23399200.0,23399200.0
2025-04-10,民生加银沪深300ETF,sh515350,4.782,4.807,4.902,4.807,4.862,2700100.0,13161772.0,1.2121,4.8759,1.2120601449,11.539283394304,股票型基金,规模指数股票型基金,23399200.0,23399200.0
2025-04-11,民生加银沪深300ETF,sh515350,4.862,4.959,4.959,4.839,4.884,1583400.0,7733124.0,1.217,4.8959,1.2170317815,6.7668980136073,股票型基金,规模指数股票型基金,23399200.0,23399200.0
2025-04-14,民生加银沪深300ETF,sh515350,4.884,4.905,4.918,4.898,4.904,812200.0,3983660.0,1.2198,4.9071,1.219815898,3.6099061299957,股票型基金,规模指数股票型基金,22499200.0,22499200.0
2025-04-15,民生加银沪深300ETF,sh515350,4.904,4.888,4.904,4.877,4.904,1088800.0,5317609.0,1.2204,4.9093,1.220362778,4.8392831745129,股票型基金,规模指数股票型基金,22499200.0,22499200.0
2025-04-16,民生加银沪深300ETF,sh515350,4.904,4.968,4.968,4.853,4.93,979500.0,4790542.0,1.2243,4.9253,1.2243400873,4.3534881240222,股票型基金,规模指数股票型基金,22499200.0,22499200.0
2025-04-17,民生加银沪深300ETF,sh515350,4.93,4.908,4.922,4.906,4.916,579900.0,2850989.0,1.2246,4.9265,1.2246383855,2.5774249751102,股票型基金,规模指数股票型基金,22499200.0,22499200.0
2025-04-18,民生加银沪深300ETF,sh515350,4.916,4.907,4.933,4.906,4.914,1079000.0,5300446.0,1.225,4.9279,1.2249864001,4.7957260702603,股票型基金,规模指数股票型基金,22499200.0,22499200.0
2025-04-21,民生加银沪深300ETF,sh515350,4.914,4.92,4.952,4.92,4.942,1386100.0,6849582.0,1.2291,4.9443,1.2290631421,6.1606634902574,股票型基金,规模指数股票型基金,22499200.0,22499200.0
2025-04-22,民生加银沪深300ETF,sh515350,4.942,4.994,4.994,4.943,4.945,581900.0,2882147.0,1.2296,4.9463,1.2295603057,2.5863141800597,股票型基金,规模指数股票型基金,22499200.0,22499200.0
2025-04-23,民生加银沪深300ETF,sh515350,4.945,4.972,4.972,4.946,4.952,1076100.0,5335861.0,1.2304,4.9496,1.2303806258,4.7828367230835,股票型基金,规模指数股票型基金,22499200.0,22499200.0
2025-04-24,民生加银沪深300ETF,sh515350,4.952,4.948,4.958,4.939,4.947,331100.0,1637827.0,1.2297,4.947,1.229734313,1.4716078793913,股票型基金,规模指数股票型基金,22499200.0,22499200.0
2025-04-25,民生加银沪深300ETF,sh515350,4.947,4.952,4.964,4.942,4.95,598600.0,2966700.0,1.2306,4.9505,1.2306043494,2.6605390413881,股票型基金,规模指数股票型基金,22499200.0,22499200.0
2025-04-28,民生加银沪深300ETF,sh515350,4.95,4.941,4.946,4.932,4.942,663800.0,3281257.0,1.2289,4.9435,1.2288642766,2.9503271227421,股票型基金,规模指数股票型基金,22499200.0,22499200.0
2025-04-29,民生加银沪深300ETF,sh515350,4.942,4.923,4.944,4.922,4.926,1379800.0,6807381.0,1.2267,4.9349,1.2267264729,6.1326624946665,股票型基金,规模指数股票型基金,22499200.0,22499200.0
2025-04-30,民生加银沪深300ETF,sh515350,4.926,4.942,4.942,4.922,4.924,463300.0,2284880.0,1.2256,4.9302,1.2255581383,2.0591843265538,股票型基金,规模指数股票型基金,22499200.0,22499200.0
2025-05-06,民生加银沪深300ETF,sh515350,4.924,4.953,4.975,4.943,4.972,287300.0,1425638.0,1.2377,4.9791,1.2377137898,1.276934290997,股票型基金,规模指数股票型基金,22499200.0,22499200.0
2025-05-07,民生加银沪深300ETF,sh515350,4.972,5.033,5.037,4.881,4.999,467100.0,2335645.0,1.2451,5.0087,1.2450718119,2.0760738159579,股票型基金,规模指数股票型基金,22499200.0,22499200.0
2025-05-08,民生加银沪深300ETF,sh515350,4.999,4.994,5.056,4.994,5.04,883400.0,4448938.0,1.2521,5.0368,1.2520569613,4.2677977892865,股票型基金,规模指数股票型基金,20699200.0,20699200.0
2025-05-09,民生加银沪深300ETF,sh515350,5.04,5.04,5.04,5.016,5.026,455400.0,2290250.0,1.2501,5.0289,1.2500931649,2.2000850274407,股票型基金,规模指数股票型基金,20699200.0,20699200.0
2025-05-12,民生加银沪深300ETF,sh515350,5.026,5.043,5.084,5.043,5.084,533100.0,2697228.0,1.2644,5.0864,1.2643866201,2.5754618535982,股票型基金,规模指数股票型基金,20699200.0,20699200.0
2025-05-13,民生加银沪深300ETF,sh515350,5.084,5.142,5.142,4.984,5.094,874600.0,4452207.0,1.2662,5.0936,1.2661764093,4.2252840689495,股票型基金,规模指数股票型基金,20699200.0,20699200.0
2025-05-14,民生加银沪深300ETF,sh515350,5.094,5.095,5.174,5.09,5.128,610300.0,3137027.0,1.2816,5.1555,1.2815636246,2.9484231274639,股票型基金,规模指数股票型基金,20699200.0,20699200.0
2025-05-15,民生加银沪深300ETF,sh515350,5.128,5.138,5.138,5.107,5.114,382700.0,1960121.0,1.2703,5.1102,1.2703028677,1.8488637242019,股票型基金,规模指数股票型基金,20699200.0,20699200.0
2025-05-16,民生加银沪深300ETF,sh515350,5.114,5.21,5.21,5.069,5.083,321400.0,1634033.0,1.2642,5.0857,1.2642126128,1.5527170132179,股票型基金,规模指数股票型基金,20699200.0,20699200.0
2025-05-19,民生加银沪深300ETF,sh515350,5.083,5.071,5.077,5.048,5.073,956300.0,4838080.0,1.2605,5.0709,1.2605336017,4.6199853134421,股票型基金,规模指数股票型基金,20699200.0,20699200.0
2025-05-20,民生加银沪深300ETF,sh515350,5.073,5.074,5.111,5.072,5.096,886500.0,4518873.0,1.2676,5.0992,1.2675684675,4.2827742134962,股票型基金,规模指数股票型基金,20699200.0,20699200.0
2025-05-21,民生加银沪深300ETF,sh515350,5.096,5.11,5.135,5.11,5.126,278000.0,1424198.0,1.2737,5.1239,1.2737084387,1.287084706841,股票型基金,规模指数股票型基金,21599200.0,21599200.0
2025-05-22,民生加银沪深300ETF,sh515350,5.126,5.109,5.128,5.106,5.115,217400.0,1110473.0,1.2729,5.1206,1.2728881187,1.0065187599541,股票型基金,规模指数股票型基金,21599200.0,21599200.0
2025-05-23,民生加银沪深300ETF,sh515350,5.115,5.117,5.149,5.08,5.082,2153300.0,11052053.0,1.2628,5.0802,1.2628454128,9.9693507166932,股票型基金,规模指数股票型基金,21599200.0,21599200.0
2025-05-26,民生加银沪深300ETF,sh515350,5.082,5.062,5.085,5.046,5.058,1967600.0,9957046.0,1.2557,5.0515,1.2557111142,9.1095966517278,股票型基金,规模指数股票型基金,21599200.0,21599200.0
2025-05-27,民生加银沪深300ETF,sh515350,5.058,5.05,5.05,5.024,5.024,498400.0,2509924.0,1.249,5.0247,1.2490491212,2.3074928701063,股票型基金,规模指数股票型基金,21599200.0,21599200.0
2025-05-28,民生加银沪深300ETF,sh515350,5.024,5.029,5.03,5.014,5.024,2333600.0,11728151.0,1.2481,5.0209,1.2481045102,10.804103855698,股票型基金,规模指数股票型基金,21599200.0,21599200.0
2025-05-29,民生加银沪深300ETF,sh515350,5.024,5.028,5.072,5.02,5.049,935000.0,4710492.0,1.2555,5.0505,1.2554625324,4.3288640320012,股票型基金,规模指数股票型基金,21599200.0,21599200.0
2025-05-30,民生加银沪深300ETF,sh515350,5.049,5.038,5.043,5.006,5.04,493100.0,2477223.0,1.2497,5.0274,1.2497202921,2.2829549242565,股票型基金,规模指数股票型基金,21599200.0,21599200.0
2025-06-03,民生加银沪深300ETF,sh515350,5.04,5.025,5.05,5.025,5.035,78600.0,395642.0,1.2534,5.0421,1.253374445,0.36390236675432,股票型基金,规模指数股票型基金,21599200.0,21599200.0
2025-06-04,民生加银沪深300ETF,sh515350,5.035,5.043,5.068,5.043,5.06,56800.0,287576.0,1.2587,5.0637,1.2587438126,0.26297270269269,股票型基金,规模指数股票型基金,21599200.0,21599200.0
2025-06-05,民生加银沪深300ETF,sh515350,5.06,5.054,5.089,5.054,5.079,111800.0,568648.0,1.2618,5.0758,1.2617516527,0.51761176339864,股票型基金,规模指数股票型基金,21599200.0,21599200.0
2025-06-06,民生加银沪深300ETF,sh515350,5.079,5.08,5.082,5.065,5.074,792100.0,4015957.0,1.2613,5.0741,1.2613290636,3.6672654542761,股票型基金,规模指数股票型基金,21599200.0,21599200.0
2025-06-09,民生加银沪深300ETF,sh515350,5.074,5.09,5.104,5.074,5.09,262400.0,1333846.0,1.2651,5.0891,1.2650577911,1.2148598096226,股票型基金,规模指数股票型基金,21599200.0,21599200.0
2025-06-10,民生加银沪深300ETF,sh515350,5.09,5.089,5.097,5.041,5.063,421500.0,2140653.0,1.2586,5.0631,1.2585946635,1.9514611652283,股票型基金,规模指数股票型基金,21599200.0,21599200.0
2025-06-11,民生加银沪深300ETF,sh515350,5.063,5.075,5.122,5.073,5.1,237900.0,1212702.0,1.2685,5.1029,1.2684882203,1.1014296825808,股票型基金,规模指数股票型基金,21599200.0,21599200.0
2025-06-12,民生加银沪深300ETF,sh515350,5.1,5.088,5.112,5.088,5.101,395300.0,2017391.0,1.2693,5.1061,1.2692836822,1.9097356419572,股票型基金,规模指数股票型基金,20699200.0,20699200.0
2025-06-13,民生加银沪深300ETF,sh515350,5.101,5.09,5.098,5.056,5.07,518100.0,2628166.0,1.2607,5.0715,1.2606827508,2.5029952848419,股票型基金,规模指数股票型基金,20699200.0,20699200.0
2025-06-16,民生加银沪深300ETF,sh515350,5.07,5.112,5.112,5.07,5.07,6100.0,30931.0,1.2639,5.0844,1.2638894565,0.029469737960887,股票型基金,规模指数股票型基金,20699200.0,20699200.0
2025-06-17,民生加银沪深300ETF,sh515350,5.07,5.083,5.083,5.068,5.078,510000.0,2586764.0,1.2629,5.0803,1.2628702709,2.4638633377135,股票型基金,规模指数股票型基金,20699200.0,20699200.0
2025-06-18,民生加银沪深300ETF,sh515350,5.078,5.068,5.086,5.061,5.085,320200.0,1624056.0,1.2647,5.0875,1.2646600601,1.5469196877174,股票型基金,规模指数股票型基金,20699200.0,20699200.0
2025-06-19,民生加银沪深300ETF,sh515350,5.085,5.076,5.076,5.03,5.042,641700.0,3245184.0,1.2544,5.0463,1.2544184887,3.1001198113937,股票型基金,规模指数股票型基金,20699200.0,20699200.0
2025-06-20,民生加银沪深300ETF,sh515350,5.042,5.05,5.064,5.046,5.058,470800.0,2379177.0,1.257,5.0566,1.2569788816,2.377873853489,股票型基金,规模指数股票型基金,19799200.0,19799200.0
2025-06-23,民生加银沪深300ETF,sh515350,5.058,5.038,5.091,5.03,5.072,722100.0,3656156.0,1.2609,5.0724,1.2609064745,3.6471170552346,股票型基金,规模指数股票型基金,19799200.0,19799200.0
2025-06-24,民生加银沪深300ETF,sh515350,5.072,5.048,5.142,5.048,5.13,317800.0,1629051.0,1.2759,5.1328,1.275920817,1.6051153581963,股票型基金,规模指数股票型基金,19799200.0,19799200.0
2025-06-25,民生加银沪深300ETF,sh515350,5.13,5.13,5.211,5.13,5.208,2116200.0,10942576.0,1.2951,5.2101,1.2951361925,9.7975850957443,股票型基金,规模指数股票型基金,21599200.0,21599200.0
2025-06-26,民生加银沪深300ETF,sh515350,5.208,5.201,5.208,5.192,5.194,1746700.0,9082358.0,1.292,5.1974,1.2919792032,8.4384903764397,股票型基金,规模指数股票型基金,20699200.0,20699200.0
2025-06-27,民生加银沪深300ETF,sh515350,5.194,5.196,5.234,5.16,5.165,804400.0,4177033.0,1.285,5.1693,1.2849940538,3.8861405271701,股票型基金,规模指数股票型基金,20699200.0,20699200.0
2025-06-30,民生加银沪深300ETF,sh515350,5.165,5.177,5.196,5.172,5.192,3883200.0,20120582.0,1.2907,5.1923,1.2907114359,16.595439160313,股票型基金,规模指数股票型基金,23399186.0,23399200.0
2025-07-01,民生加银沪深300ETF,sh515350,5.192,5.182,5.2,5.166,5.195,1216300.0,6291728.0,1.2929,5.2011,1.292898956,5.1980409586653,股票型基金,规模指数股票型基金,23399200.0,23399200.0
2025-07-02,民生加银沪深300ETF,sh515350,5.195,5.194,5.206,5.191,5.201,679600.0,3532923.0,1.2933,5.2027,1.2932966869,2.9043727990701,股票型基金,规模指数股票型基金,23399200.0,23399200.0
2025-07-03,民生加银沪深300ETF,sh515350,5.201,5.169,5.233,5.169,5.23,570900.0,2977487.0,1.3014,5.2353,1.3014004546,2.4398270026326,股票型基金,规模指数股票型基金,23399200.0,23399200.0
2025-07-04,民生加银沪深300ETF,sh515350,5.23,5.224,5.292,5.224,5.251,2536700.0,13341806.0,1.306,5.2537,1.3059743603,10.840968922014,股票型基金,规模指数股票型基金,23399200.0,23399200.0
2025-07-07,民生加银沪深300ETF,sh515350,5.251,5.248,5.248,5.22,5.232,745700.0,3900121.0,1.3011,5.2339,1.30105244,3.186861089268,股票型基金,规模指数股票型基金,23399200.0,23399200.0
2025-07-08,民生加银沪深300ETF,sh515350,5.232,5.234,5.28,5.234,5.271,351200.0,1847759.0,1.3119,5.2775,1.3118906078,1.5009060138808,股票型基金,规模指数股票型基金,23399200.0,23399200.0
2025-07-09,民生加银沪深300ETF,sh515350,5.271,5.275,5.3,5.261,5.269,999329.0,5277824.0,1.3098,5.2692,1.3098273786,4.2707827618038,股票型基金,规模指数股票型基金,23399200.0,23399200.0
2025-07-10,民生加银沪深300ETF,sh515350,5.269,5.28,5.329,5.28,5.295,542200.0,2874273.0,1.3167,5.2967,1.316663379,2.3171732366919,股票型基金,规模指数股票型基金,23399200.0,23399200.0
2025-07-11,民生加银沪深300ETF,sh515350,5.295,5.305,5.377,5.3,5.312,2837200.0,15132591.0,1.32,5.3102,1.3200192337,12.125200861568,股票型基金,规模指数股票型基金,23399200.0,23399200.0
2025-07-14,民生加银沪深300ETF,sh515350,5.312,5.252,5.338,5.252,5.315,4873200.0,25960071.0,1.3212,5.315,1.3212124265,20.826353037711,股票型基金,规模指数股票型基金,23399200.0,23399200.0
2025-07-15,民生加银沪深300ETF,sh515350,5.315,5.276,5.342,5.275,5.307,2472700.0,13097430.0,1.3218,5.3173,1.3217841647,10.567455297617,股票型基金,规模指数股票型基金,23399200.0,23399200.0
2025-07-16,民生加银沪深300ETF,sh515350,5.307,5.411,5.411,5.287,5.298,2915100.0,15465009.0,1.3196,5.3087,1.3196463609,13.496333197526,股票型基金,规模指数股票型基金,21599200.0,21599200.0
2025-07-17,民生加银沪深300ETF,sh515350,5.298,5.31,5.343,5.31,5.34,1154800.0,6146651.0,1.329,5.3465,1.3290427541,5.3464943146042,股票型基金,规模指数股票型基金,21599200.0,21599200.0
2025-07-18,民生加银沪深300ETF,sh515350,5.34,5.366,5.388,5.358,5.385,1506200.0,8090630.0,1.3384,5.3842,1.3384142891,6.9734064224601,股票型基金,规模指数股票型基金,21599200.0,21599200.0
2025-07-21,民生加银沪深300ETF,sh515350,5.385,5.4,5.413,5.353,5.41,777700.0,4202244.0,1.3476,5.4211,1.3475869586,3.6005963183822,股票型基金,规模指数股票型基金,21599200.0,21599200.0
2025-07-22,民生加银沪深300ETF,sh515350,5.41,5.422,5.466,5.398,5.46,992500.0,5401830.0,1.3586,5.4654,1.3585991337,4.5950775954665,股票型基金,规模指数股票型基金,21599200.0,21599200.0
2025-07-23,民生加银沪深300ETF,sh515350,5.46,5.475,5.512,5.453,5.464,1718100.0,9419470.0,1.3593,5.4682,1.3592951628,7.9544612763436,股票型基金,规模指数股票型基金,21599200.0,21599200.0
2025-07-24,民生加银沪深300ETF,sh515350,5.464,5.456,5.509,5.456,5.507,1718500.0,9428149.0,1.3688,5.5066,1.3688407051,7.9563131967851,股票型基金,规模指数股票型基金,21599200.0,21599200.0
2025-07-25,民生加银沪深300ETF,sh515350,5.507,5.507,5.507,5.468,5.478,506600.0,2779569.0,1.3621,5.4796,1.3621289957,2.345457239157,股票型基金,规模指数股票型基金,21599200.0,21599200.0
2025-07-28,民生加银沪深300ETF,sh515350,5.478,5.464,5.503,5.455,5.493,787200.0,4315962.0,1.3652,5.4918,1.365161694,3.6445794288677,股票型基金,规模指数股票型基金,21599200.0,21599200.0
2025-07-29,民生加银沪深300ETF,sh515350,5.493,5.482,5.515,5.464,5.515,972100.0,5338141.0,1.3707,5.514,1.3706802106,4.5006296529501,股票型基金,规模指数股票型基金,21599200.0,21599200.0
2025-07-30,民生加银沪深300ETF,sh515350,5.515,5.515,5.559,5.485,5.517,1211100.0,6683732.0,1.3703,5.5126,1.3703321961,5.6071521167451,股票型基金,规模指数股票型基金,21599200.0,21599200.0
2025-07-31,民生加银沪深300ETF,sh515350,5.517,5.476,5.49,5.39,5.413,2834800.0,15409411.0,1.3457,5.4136,1.3457225949,14.31775021213,股票型基金,规模指数股票型基金,19799200.0,19799200.0
2025-08-01,民生加银沪深300ETF,sh515350,5.413,5.402,5.424,5.363,5.382,2202100.0,11862495.0,1.3389,5.3862,1.3389114527,11.651815949881,股票型基金,规模指数股票型基金,18899200.0,18899200.0
2025-08-04,民生加银沪深300ETF,sh515350,5.382,5.366,5.406,5.366,5.406,636900.0,3428582.0,1.344,5.4067,1.3440073803,3.3699839146631,股票型基金,规模指数股票型基金,18899200.0,18899200.0
2025-08-05,民生加银沪深300ETF,sh515350,5.406,5.399,5.448,5.399,5.442,612600.0,3319241.0,1.3547,5.4499,1.3547461153,3.4034845993155,股票型基金,规模指数股票型基金,17999200.0,17999200.0
2025-08-06,民生加银沪深300ETF,sh515350,5.442,5.447,5.463,5.444,5.461,552300.0,3010932.0,1.3581,5.4633,1.3580771118,3.0684697097649,股票型基金,规模指数股票型基金,17999200.0,17999200.0
2025-08-07,民生加银沪深300ETF,sh515350,5.461,5.466,5.475,5.439,5.465,273300.0,1489416.0,1.3583,5.4641,1.3582759773,1.5184008178141,股票型基金,规模指数股票型基金,17999200.0,17999200.0
2025-08-08,民生加银沪深300ETF,sh515350,5.465,5.446,5.471,5.439,5.456,454700.0,2478263.0,1.3559,5.4546,1.3559144499,2.5262233877061,股票型基金,规模指数股票型基金,17999200.0,17999200.0
2025-08-11,民生加银沪深300ETF,sh515350,5.456,5.471,5.487,5.47,5.473,799100.0,4375723.0,1.3619,5.4785,1.3618555557,4.4396417618561,股票型基金,规模指数股票型基金,17999200.0,17999200.0
2025-08-12,民生加银沪深300ETF,sh515350,5.473,5.474,5.519,5.474,5.502,657500.0,3613458.0,1.369,5.5074,1.3690395705,3.6529401306725,股票型基金,规模指数股票型基金,17999200.0,17999200.0
2025-08-13,民生加银沪深300ETF,sh515350,5.502,5.533,5.562,5.511,5.547,587600.0,3255004.0,1.3798,5.5506,1.3797783056,3.2645895373128,股票型基金,规模指数股票型基金,17999200.0,17999200.0
2025-08-14,民生加银沪深300ETF,sh515350,5.547,5.566,5.596,5.537,5.543,888700.0,4950960.0,1.3794,5.5491,1.3794054329,4.937441664074,股票型基金,规模指数股票型基金,17999200.0,17999200.0
2025-08-15,民生加银沪深300ETF,sh515350,5.543,5.535,5.609,5.513,5.597,1514000.0,8428401.0,1.3891,5.5882,1.3891249824,8.4114849548869,股票型基金,规模指数股票型基金,17999200.0,17999200.0
2025-08-18,民生加银沪深300ETF,sh515350,5.597,5.616,5.683,5.5,5.613,1088000.0,6126727.0,1.4015,5.6378,1.4014546412,6.0447130983599,股票型基金,规模指数股票型基金,17999200.0,17999200.0
2025-08-19,民生加银沪深300ETF,sh515350,5.613,5.627,5.664,5.608,5.609,764400.0,4308575.0,1.3962,5.6166,1.3961847064,4.2468554157963,股票型基金,规模指数股票型基金,17999200.0,17999200.0
2025-08-20,民生加银沪深300ETF,sh515350,5.609,5.583,5.685,5.583,5.678,815400.0,4586014.0,1.4121,5.6805,1.4120690853,4.5302013422819,股票型基金,规模指数股票型基金,17999200.0,17999200.0
2025-08-21,民生加银沪深300ETF,sh515350,5.678,5.68,5.722,5.679,5.704,577600.0,3291665.0,1.4177,5.7031,1.4176870347,3.2090315125117,股票型基金,规模指数股票型基金,17999200.0,17999200.0
2025-08-22,民生加银沪深300ETF,sh515350,5.704,5.719,5.829,5.719,5.828,884400.0,5122020.0,1.4482,5.8258,1.4481880252,4.9135517134095,股票型基金,规模指数股票型基金,17999200.0,17999200.0
2025-08-25,民生加银沪深300ETF,sh515350,5.828,5.866,5.95,5.866,5.944,2322413.0,13703761.0,1.4785,5.9476,1.4784652921,12.288419615645,股票型基金,规模指数股票型基金,18899200.0,18899200.0
2025-08-26,民生加银沪深300ETF,sh515350,5.944,5.95,5.965,5.905,5.916,1215100.0,7199471.0,1.4733,5.927,1.4733445064,6.4293726718591,股票型基金,规模指数股票型基金,18899200.0,18899200.0
2025-08-27,民生加银沪深300ETF,sh515350,5.916,5.916,5.974,5.833,5.836,1366100.0,8066752.0,1.452,5.8412,1.4520161854,7.2283482898747,股票型基金,规模指数股票型基金,18899200.0,18899200.0
2025-08-28,民生加银沪深300ETF,sh515350,5.836,5.833,5.944,5.816,5.919,2379648.0,13975713.0,1.4766,5.9402,1.4766257866,13.220854260189,股票型基金,规模指数股票型基金,17999200.0,17999200.0
2025-08-29,民生加银沪深300ETF,sh515350,5.919,5.944,6.016,5.811,6.006,1197800.0,7171570.0,1.4883,5.9873,1.4883339908,6.654740210676,股票型基金,规模指数股票型基金,17999200.0,17999200.0
2025-09-01,民生加银沪深300ETF,sh515350,6.006,5.998,6.024,5.97,6.015,963800.0,5778336.0,1.4969,6.0218,1.4969100639,5.3546824303302,股票型基金,规模指数股票型基金,17999200.0,17999200.0
2025-09-02,民生加银沪深300ETF,sh515350,6.015,6.024,6.041,5.926,5.965,663900.0,3979701.0,1.4857,5.9767,1.4856990234,3.6884972665452,股票型基金,规模指数股票型基金,17999200.0,17999200.0
2025-09-03,民生加银沪深300ETF,sh515350,5.965,6.066,6.066,5.883,5.922,1084300.0,6435159.0,1.4753,5.9349,1.4753083029,6.0241566291835,股票型基金,规模指数股票型基金,17999200.0,17999200.0
2025-09-04,民生加银沪深300ETF,sh515350,5.922,5.919,5.93,5.742,5.805,2992400.0,17408991.0,1.4438,5.8082,1.443812985,16.625183341482,股票型基金,规模指数股票型基金,17999200.0,17999200.0
2025-09-05,民生加银沪深300ETF,sh515350,5.805,5.793,5.94,5.793,5.898,1189900.0,6977371.0,1.4761,5.9381,1.4761037647,6.2960336945479,股票型基金,规模指数股票型基金,18899200.0,18899200.0
2025-09-08,民生加银沪深300ETF,sh515350,5.898,5.946,5.974,5.898,5.94,2279900.0,13522193.0,1.4785,5.9478,1.4785150085,12.063473586184,股票型基金,规模指数股票型基金,18899200.0,18899200.0
2025-09-09,民生加银沪深300ETF,sh515350,5.94,5.94,5.941,5.866,5.9,1011900.0,5983768.0,1.4681,5.9059,1.4680994298,5.354194886556,股票型基金,规模指数股票型基金,18899200.0,18899200.0
2025-09-10,民生加银沪深300ETF,sh515350,5.9,5.896,5.921,5.872,5.91,1391800.0,8211367.0,1.4714,5.9193,1.4714304263,7.3643328818151,股票型基金,规模指数股票型基金,18899200.0,18899200.0
2025-09-11,民生加银沪深300ETF,sh515350,5.91,5.899,6.059,5.899,6.034,2393600.0,14286891.0,1.5052,6.055,1.5051629807,13.998315710677,股票型基金,规模指数股票型基金,17099200.0,17099200.0
2025-09-12,民生加银沪深300ETF,sh515350,6.034,6.066,6.074,6.014,6.021,1131700.0,6848447.0,1.4971,6.0224,1.497059213,6.6184382895106,股票型基金,规模指数股票型基金,17099200.0,17099200.0
2025-09-15,民生加银沪深300ETF,sh515350,6.021,6.022,6.076,6.016,6.031,859091.0,5204699.0,1.5004,6.0357,1.5003653513,5.0241590249836,股票型基金,规模指数股票型基金,17099200.0,17099200.0
2025-09-16,民生加银沪深300ETF,sh515350,6.031,6.152,6.152,5.984,6.012,902616.0,5425688.0,1.4976,6.0245,1.4975812348,5.2787030972209,股票型基金,规模指数股票型基金,17099200.0,17099200.0
2025-09-17,民生加银沪深300ETF,sh515350,6.012,6.01,6.067,5.994,6.059,430900.0,2605244.0,1.5074,6.0638,1.5073505008,2.5200009357163,股票型基金,规模指数股票型基金,17099200.0,17099200.0
2025-09-18,民生加银沪深300ETF,sh515350,6.059,6.061,6.092,5.967,6.055,860900.0,5201882.0,1.4897,5.9926,1.4896514745,5.6270916126333,股票型基金,规模指数股票型基金,15299200.0,15299200.0
2025-09-19,民生加银沪深300ETF,sh515350,6.055,6.055,6.055,5.984,6.013,501300.0,3011185.0,1.4905,5.9962,1.490546369,3.2766419159172,股票型基金,规模指数股票型基金,15299200.0,15299200.0
2025-09-22,民生加银沪深300ETF,sh515350,6.013,5.986,6.045,5.974,6.045,618400.0,3709521.0,1.4969,6.0219,1.4969349221,4.0420414139301,股票型基金,规模指数股票型基金,15299200.0,15299200.0
2025-09-23,民生加银沪深300ETF,sh515350,6.045,6.03,6.048,5.945,5.997,1300100.0,7808847.0,1.4958,6.0172,1.4957665875,8.4978299518929,股票型基金,规模指数股票型基金,15299200.0,15299200.0
2025-09-24,民生加银沪深300ETF,sh515350,5.997,6.025,6.079,6.007,6.079,404800.0,2445915.0,1.5117,6.0812,1.5116758246,2.6458899811755,股票型基金,规模指数股票型基金,15299200.0,15299200.0
2025-09-25,民生加银沪深300ETF,sh515350,6.079,6.074,6.149,6.074,6.118,747800.0,4572400.0,1.5212,6.1194,1.5211716505,4.8878372725371,股票型基金,规模指数股票型基金,15299200.0,15299200.0
2025-09-26,民生加银沪深300ETF,sh515350,6.118,6.112,6.114,6.066,6.066,879600.0,5364075.0,1.5069,6.0621,1.5069279116,5.7493202258942,股票型基金,规模指数股票型基金,15299200.0,15299200.0
2025-09-29,民生加银沪深300ETF,sh515350,6.066,6.072,6.187,6.058,6.13,924000.0,5672170.0,1.5297,6.1539,1.5297477236,6.0395314787701,股票型基金,规模指数股票型基金,15299200.0,15299200.0
2025-09-30,民生加银沪深300ETF,sh515350,6.13,6.166,6.191,6.152,6.174,1010400.0,6236932.0,1.5363,6.1803,1.5363102839,6.604266889772,股票型基金,规模指数股票型基金,15299186.0,15299200.0
2025-10-09,民生加银沪深300ETF,sh515350,6.174,6.209,6.288,6.203,6.262,159100.0,996683.0,1.5585,6.2695,1.5584837832,1.0399236561389,股票型基金,规模指数股票型基金,15299200.0,15299200.0
2025-10-10,民生加银沪深300ETF,sh515350,6.262,6.22,6.237,6.132,6.162,666700.0,4120402.0,1.5278,6.1461,1.5278087854,4.3577441957749,股票型基金,规模指数股票型基金,15299200.0,15299200.0
2025-10-13,民生加银沪深300ETF,sh515350,6.162,6.05,6.298,6.04,6.106,511800.0,3110038.0,1.5203,6.1157,1.5202518977,3.3452729554487,股票型基金,规模指数股票型基金,15299200.0,15299200.0
2025-10-14,民生加银沪深300ETF,sh515350,6.106,6.228,6.228,6.032,6.036,815800.0,4985620.0,1.502,6.0421,1.501956275,5.3323049571219,股票型基金,规模指数股票型基金,15299200.0,15299200.0
2025-10-15,民生加银沪深300ETF,sh515350,6.036,6.048,6.127,6.029,6.124,859700.0,5224577.0,1.5242,6.1316,1.5242043488,5.6192480652583,股票型基金,规模指数股票型基金,15299200.0,15299200.0
2025-10-16,民生加银沪深300ETF,sh515350,6.124,6.078,6.246,6.078,6.145,431500.0,2652883.0,1.529,6.1508,1.52897712,2.8204089102698,股票型基金,规模指数股票型基金,15299200.0,15299200.0
2025-10-17,民生加银沪深300ETF,sh515350,6.145,6.186,6.186,5.998,6.015,1128566.0,6827289.0,1.4959,6.0179,1.4959405948,7.8376993166287,股票型基金,规模指数股票型基金,14399200.0,14399200.0
2025-10-20,民生加银沪深300ETF,sh515350,6.015,6.066,6.09,6.022,6.046,888300.0,5385232.0,1.5038,6.0496,1.5038206388,6.1690927273737,股票型基金,规模指数股票型基金,14399200.0,14399200.0
2025-10-21,民生加银沪深300ETF,sh515350,6.046,6.022,6.144,6.022,6.129,856800.0,5254419.0,1.527,6.143,1.5270381817,5.9503305739208,股票型基金,规模指数股票型基金,14399200.0,14399200.0
2025-10-22,民生加银沪深300ETF,sh515350,6.129,6.085,6.132,6.085,6.114,1004800.0,6146251.0,1.5223,6.1241,1.5223399851,6.5676636686886,股票型基金,规模指数股票型基金,15299200.0,15299200.0
2025-10-23,民生加银沪深300ETF,sh515350,6.114,6.138,6.148,6.055,6.148,397600.0,2419993.0,1.5266,6.1413,1.5266155926,2.5988286969253,股票型基金,规模指数股票型基金,15299200.0,15299200.0
2025-10-24,民生加银沪深300ETF,sh515350,6.148,6.174,6.208,6.163,6.202,1233700.0,7626825.0,1.5461,6.2198,1.5461292662,8.0638203304748,股票型基金,规模指数股票型基金,15299200.0,15299200.0
2025-10-27,民生加银沪深300ETF,sh515350,6.202,6.192,6.291,6.192,6.278,761800.0,4778272.0,1.5644,6.2933,1.5644000307,4.9793453252458,股票型基金,规模指数股票型基金,15299200.0,15299200.0
2025-10-28,民生加银沪深300ETF,sh515350,6.278,6.266,6.318,6.256,6.259,335216.0,2107231.0,1.5568,6.2629,1.5568431431,2.1910688140556,股票型基金,规模指数股票型基金,15299200.0,15299200.0
2025-10-29,民生加银沪深300ETF,sh515350,6.259,6.291,6.335,6.272,6.334,370300.0,2335374.0,1.5751,6.3364,1.5751139076,2.4203879941435,股票型基金,规模指数股票型基金,15299200.0,15299200.0
2025-10-30,民生加银沪深300ETF,sh515350,6.334,6.334,6.388,6.234,6.289,796000.0,5023268.0,1.5628,6.287,1.5628339652,5.202886425434,股票型基金,规模指数股票型基金,15299200.0,15299200.0
2025-10-31,民生加银沪深300ETF,sh515350,6.289,6.277,6.28,6.213,6.213,659400.0,4122399.0,1.54,6.1952,1.5400141532,4.3100292825769,股票型基金,规模指数股票型基金,15299200.0,15299200.0
2025-11-03,民生加银沪深300ETF,sh515350,6.213,6.15,6.205,6.139,6.205,118329.0,729796.0,1.5436,6.2095,1.5435688734,0.77343259778289,股票型基金,规模指数股票型基金,15299200.0,15299200.0
2025-11-04,民生加银沪深300ETF,sh515350,6.205,6.163,6.221,6.134,6.158,630400.0,3903062.0,1.5317,6.1619,1.5317363783,4.3780210011667,股票型基金,规模指数股票型基金,14399200.0,14399200.0
2025-11-05,民生加银沪深300ETF,sh515350,6.158,6.103,6.188,6.085,6.168,961829.0,5920520.0,1.5351,6.1753,1.5350673748,7.1250814863103,股票型基金,规模指数股票型基金,13499200.0,13499200.0
2025-11-06,民生加银沪深300ETF,sh515350,6.168,6.189,6.272,6.189,6.259,1013000.0,6307283.0,1.5578,6.2666,1.5577628959,7.0351130618368,股票型基金,规模指数股票型基金,14399200.0,14399200.0
2025-11-07,民生加银沪深300ETF,sh515350,6.259,6.24,6.273,6.23,6.247,516000.0,3221555.0,1.5528,6.2468,1.5528409756,3.5835324184677,股票型基金,规模指数股票型基金,14399200.0,14399200.0
2025-11-10,民生加银沪深300ETF,sh515350,6.247,6.249,6.273,6.218,6.266,421600.0,2634407.0,1.5583,6.2687,1.5582849177,2.9279404411356,股票型基金,规模指数股票型基金,14399200.0,14399200.0
2025-11-11,民生加银沪深300ETF,sh515350,6.266,6.274,6.278,6.201,6.208,491500.0,3055425.0,1.5439,6.2107,1.5438671716,3.4133840768932,股票型基金,规模指数股票型基金,14399200.0,14399200.0
2025-11-12,民生加银沪深300ETF,sh515350,6.208,6.264,6.264,6.178,6.208,415300.0,2574832.0,1.5421,6.2036,1.5421022406,2.884188010445,股票型基金,规模指数股票型基金,14399200.0,14399200.0
2025-11-13,民生加银沪深300ETF,sh515350,6.208,6.214,6.275,6.214,6.271,821782.0,5129303.0,1.5602,6.2765,1.560223856,5.7071365075838,股票型基金,规模指数股票型基金,14399200.0,14399200.0
2025-11-14,民生加银沪深300ETF,sh515350,6.271,6.241,6.248,6.176,6.179,1147500.0,7133699.0,1.5361,6.1794,1.5360865603,7.9691927329296,股票型基金,规模指数股票型基金,14399200.0,14399200.0
2025-11-17,民生加银沪深300ETF,sh515350,6.179,6.179,6.179,6.123,6.136,1010600.0,6206849.0,1.5258,6.1379,1.5257704144,7.0184454691927,股票型基金,规模指数股票型基金,14399200.0,14399200.0
2025-11-18,民生加银沪深300ETF,sh515350,6.136,6.106,6.13,6.093,6.096,271400.0,1660488.0,1.5167,6.1014,1.5166971776,1.8848269348297,股票型基金,规模指数股票型基金,14399200.0,14399200.0
2025-11-19,民生加银沪深300ETF,sh515350,6.096,6.115,6.146,6.105,6.121,465400.0,2849774.0,1.5232,6.1276,1.5232100215,3.2321240068893,股票型基金,规模指数股票型基金,14399200.0,14399200.0
2025-11-20,民生加银沪深300ETF,sh515350,6.121,6.107,6.166,6.094,6.094,911100.0,5582469.0,1.5153,6.0959,1.5153299775,6.3274348574921,股票型基金,规模指数股票型基金,14399200.0,14399200.0
2025-11-21,民生加银沪深300ETF,sh515350,6.094,6.05,6.05,5.948,5.949,1111800.0,6662965.0,1.4783,5.9468,1.4782664266,7.7212622923496,股票型基金,规模指数股票型基金,14399200.0,14399200.0
2025-11-24,民生加银沪深300ETF,sh515350,5.949,5.964,5.964,5.911,5.944,952800.0,5650024.0,1.4769,5.9415,1.4769489429,6.6170342796822,股票型基金,规模指数股票型基金,14399200.0,14399200.0
2025-11-25,民生加银沪深300ETF,sh515350,5.944,5.965,6.03,5.96,5.991,1457200.0,8736719.0,1.4902,5.9948,1.4901983545,10.120006667037,股票型基金,规模指数股票型基金,14399200.0,14399200.0
2025-11-26,民生加银沪深300ETF,sh515350,5.991,6.003,6.047,6.003,6.019,1151000.0,6940319.0,1.4996,6.0327,1.4996196058,7.9934996388688,股票型基金,规模指数股票型基金,14399200.0,14399200.0
2025-11-27,民生加银沪深300ETF,sh515350,6.019,6.027,6.086,6.012,6.017,722100.0,4367063.0,1.4989,6.0298,1.4988987185,5.0148619367743,股票型基金,规模指数股票型基金,14399200.0,14399200.0
2025-11-28,民生加银沪深300ETF,sh515350,6.017,6.019,6.047,6.008,6.039,649200.0,3915195.0,1.5028,6.0456,1.5028263114,4.5085838102117,股票型基金,规模指数股票型基金,14399200.0,14399200.0
2025-12-01,民生加银沪深300ETF,sh515350,6.039,6.051,6.104,6.051,6.102,2077000.0,12634711.0,1.519,6.1107,1.5190089886,14.424412467359,股票型基金,规模指数股票型基金,14399200.0,14399200.0
2025-12-02,民生加银沪深300ETF,sh515350,6.102,6.096,6.098,6.062,6.08,338300.0,2058833.0,1.5116,6.0807,1.5115515337,2.3494360797822,股票型基金,规模指数股票型基金,14399200.0,14399200.0
2025-12-03,民生加银沪深300ETF,sh515350,6.08,6.083,6.091,6.048,6.051,403800.0,2450876.0,1.5041,6.0506,1.5040692206,2.804322462359,股票型基金,规模指数股票型基金,14399200.0,14399200.0
2025-12-04,民生加银沪深300ETF,sh515350,6.051,6.06,6.094,6.035,6.094,716300.0,4338546.0,1.5095,6.0726,1.5095380209,4.9745819212178,股票型基金,规模指数股票型基金,14399200.0,14399200.0
2025-12-05,民生加银沪深300ETF,sh515350,6.094,6.066,6.14,6.058,6.118,667429.0,4076869.0,1.5223,6.124,1.5223151269,4.6351811211734,股票型基金,规模指数股票型基金,14399200.0,14399200.0
2025-12-08,民生加银沪深300ETF,sh515350,6.118,6.141,6.188,6.138,6.167,509400.0,3141830.0,1.5346,6.1736,1.5346447857,3.5376965386966,股票型基金,规模指数股票型基金,14399200.0,14399200.0
2025-12-09,民生加银沪深300ETF,sh515350,6.167,6.165,6.165,6.119,6.133,615200.0,3783625.0,1.5266,6.1412,1.5265907344,4.2724595810878,股票型基金,规模指数股票型基金,14399200.0,14399200.0
2025-12-10,民生加银沪深300ETF,sh515350,6.133,6.13,6.132,6.072,6.12,1174700.0,7146818.0,1.5246,6.133,1.5245523634,8.1580921162287,股票型基金,规模指数股票型基金,14399200.0,14399200.0
2025-12-11,民生加银沪深300ETF,sh515350,6.12,6.134,6.148,6.077,6.077,623300.0,3814029.0,1.5116,6.0808,1.5115763919,4.6173106554462,股票型基金,规模指数股票型基金,13499200.0,13499200.0
2025-12-12,民生加银沪深300ETF,sh515350,6.077,6.077,6.123,6.06,6.108,457200.0,2790682.0,1.5207,6.1176,1.5207242032,3.3868673699182,股票型基金,规模指数股票型基金,13499200.0,13499200.0
2025-12-15,民生加银沪深300ETF,sh515350,6.108,6.112,6.137,6.081,6.083,1111900.0,6789040.0,1.5117,6.0811,1.5116509664,8.2367844020386,股票型基金,规模指数股票型基金,13499200.0,13499200.0
2025-12-16,民生加银沪深300ETF,sh515350,6.083,6.084,6.084,5.995,6.016,978100.0,5889700.0,1.4935,6.0081,1.4935044928,7.2456145549366,股票型基金,规模指数股票型基金,13499200.0,13499200.0
2025-12-17,民生加银沪深300ETF,sh515350,6.016,6.018,6.14,6.012,6.116,1127100.0,6833339.0,1.521,6.1188,1.5210225014,8.3493836671803,股票型基金,规模指数股票型基金,13499200.0,13499200.0
2025-12-18,民生加银沪深300ETF,sh515350,6.116,6.097,6.108,6.075,6.091,939300.0,5721397.0,1.5124,6.084,1.5123718537,6.5232790710595,股票型基金,规模指数股票型基金,14399200.0,14399200.0
2025-12-19,民生加银沪深300ETF,sh515350,6.091,6.089,6.136,6.086,6.096,592800.0,3625896.0,1.5183,6.1077,1.5182632431,4.1168953830768,股票型基金,规模指数股票型基金,14399200.0,14399200.0
2025-12-22,民生加银沪深300ETF,sh515350,6.096,6.145,6.162,6.145,6.151,1716500.0,10565195.0,1.5325,6.1648,1.5324572656,12.715568329975,股票型基金,规模指数股票型基金,13499200.0,13499200.0
2025-12-23,民生加银沪深300ETF,sh515350,6.151,6.157,6.198,6.157,6.166,172100.0,1062134.0,1.5352,6.1757,1.5351668075,1.2748903638734,股票型基金,规模指数股票型基金,13499200.0,13499200.0
2025-12-24,民生加银沪深300ETF,sh515350,6.166,6.162,6.201,6.149,6.185,752800.0,4651110.0,1.5398,6.1945,1.5398401459,5.5766267630674,股票型基金,规模指数股票型基金,13499200.0,13499200.0
2025-12-25,民生加银沪深300ETF,sh515350,6.185,6.196,6.219,6.189,6.208,1051800.0,6533138.0,1.5431,6.2076,1.5430965679,7.7915728339457,股票型基金,规模指数股票型基金,13499200.0,13499200.0
2025-12-26,民生加银沪深300ETF,sh515350,6.208,6.208,6.253,6.204,6.228,964600.0,6004768.0,1.548,6.2275,1.5480433463,6.6989832768487,股票型基金,规模指数股票型基金,14399200.0,14399200.0
2025-12-29,民生加银沪深300ETF,sh515350,6.228,6.251,6.251,6.193,6.193,842000.0,5230020.0,1.542,6.2032,1.5420028079,5.8475470859492,股票型基金,规模指数股票型基金,14399200.0,14399200.0
2025-12-30,民生加银沪深300ETF,sh515350,6.193,6.178,6.236,6.178,6.221,405700.0,2517196.0,1.546,6.2193,1.5460049753,2.8175176398689,股票型基金,规模指数股票型基金,14399200.0,14399200.0
2025-12-31,民生加银沪深300ETF,sh515350,6.221,6.21,6.213,6.184,6.184,215500.0,1336412.0,1.5388,6.1903,1.5387961022,1.496610922829,股票型基金,规模指数股票型基金,14399186.0,14399200.0
2026-01-05,民生加银沪深300ETF,sh515350,6.184,6.189,6.304,6.189,6.295,777800.0,4887140.0,1.5678,6.3069,1.5677807436,5.4016889827213,股票型基金,规模指数股票型基金,14399200.0,14399200.0
2026-01-06,民生加银沪深300ETF,sh515350,6.295,6.35,6.403,6.339,6.403,1308216.0,8333276.0,1.5918,6.4034,1.5917688902,9.0853380743375,股票型基金,规模指数股票型基金,14399200.0,14399200.0
2026-01-07,民生加银沪深300ETF,sh515350,6.403,6.403,6.41,6.35,6.37,425400.0,2717900.0,1.587,6.3844,1.5870458355,2.9543307961553,股票型基金,规模指数股票型基金,14399200.0,14399200.0
2026-01-08,民生加银沪深300ETF,sh515350,6.37,6.33,6.37,6.313,6.33,374900.0,2382380.0,1.5742,6.3327,1.5741941548,2.6036168676038,股票型基金,规模指数股票型基金,14399200.0,14399200.0
2026-01-09,民生加银沪深300ETF,sh515350,6.33,6.311,6.384,6.311,6.367,932400.0,5921911.0,1.5814,6.3616,1.5813781697,6.4753597422079,股票型基金,规模指数股票型基金,14399200.0,14399200.0
2026-01-12,民生加银沪深300ETF,sh515350,6.367,6.317,6.4,6.317,6.362,236600.0,1505508.0,1.5916,6.4028,1.5916197411,1.6431468414912,股票型基金,规模指数股票型基金,14399200.0,14399200.0
2026-01-13,民生加银沪深300ETF,sh515350,6.362,6.363,6.465,6.315,6.317,51000.0,327475.0,1.5823,6.3655,1.5823476389,0.35418634368576,股票型基金,规模指数股票型基金,14399200.0,14399200.0
2026-01-14,民生加银沪深300ETF,sh515350,6.317,6.343,6.442,6.305,6.335,943300.0,6010729.0,1.576,6.3398,1.5759590858,6.5510583921329,股票型基金,规模指数股票型基金,14399200.0,14399200.0
2026-01-15,民生加银沪深300ETF,sh515350,6.335,6.335,6.363,6.311,6.35,1008400.0,6389084.0,1.5786,6.3506,1.5786437696,7.0031668426024,股票型基金,规模指数股票型基金,14399200.0,14399200.0
2026-01-16,民生加银沪深300ETF,sh515350,6.35,6.374,6.39,6.294,6.323,496500.0,3157048.0,1.5729,6.3275,1.5729015293,3.4481082282349,股票型基金,规模指数股票型基金,14399200.0,14399200.0
2026-01-19,民生加银沪深300ETF,sh515350,6.323,6.299,6.363,6.299,6.33,543100.0,3438018.0,1.5739,6.3314,1.5738709985,3.7717373187399,股票型基金,规模指数股票型基金,14399200.0,14399200.0
2026-01-20,民生加银沪深300ETF,sh515350,6.33,6.304,6.336,6.257,6.33,443700.0,2791624.0,1.5686,6.3103,1.5686259218,3.0814211900661,股票型基金,规模指数股票型基金,14399200.0,14399200.0
2026-01-21,民生加银沪深300ETF,sh515350,6.33,6.319,6.35,6.306,6.31,1481300.0,9359084.0,1.5705,6.3178,1.5704902856,10.287377076504,股票型基金,规模指数股票型基金,14399200.0,14399200.0
2026-01-22,民生加银沪深300ETF,sh515350,6.31,6.346,6.346,6.299,6.311,882600.0,5570506.0,1.5704,6.3174,1.5703908528,6.1295071948442,股票型基金,规模指数股票型基金,14399200.0,14399200.0
2026-01-23,民生加银沪深300ETF,sh515350,6.311,6.33,6.33,6.29,6.304,1037400.0,6556538.0,1.564,6.2916,1.5639774416,7.2045669203845,股票型基金,规模指数股票型基金,14399200.0,14399200.0
2026-01-26,民生加银沪深300ETF,sh515350,6.304,6.29,6.466,6.29,6.329,21300.0,134759.0,1.5657,6.2987,1.5657423726,0.14792488471582,股票型基金,规模指数股票型基金,14399200.0,14399200.0
2026-01-27,民生加银沪深300ETF,sh515350,6.329,6.38,6.38,6.266,6.3,52300.0,328183.0,1.5653,6.297,1.5653197835,0.36321462303461,股票型基金,规模指数股票型基金,14399200.0,14399200.0
2026-01-28,民生加银沪深300ETF,sh515350,6.3,6.31,6.33,6.29,6.304,297600.0,1875986.0,1.5692,6.3126,1.5691976601,2.0667814878604,股票型基金,规模指数股票型基金,14399200.0,14399200.0
2026-01-29,民生加银沪深300ETF,sh515350,6.304,6.31,6.405,6.29,6.372,107457.0,680074.0,1.5811,6.3604,1.5810798715,0.7462706261459,股票型基金,规模指数股票型基金,14399200.0,14399200.0
2026-01-30,民生加银沪深300ETF,sh515350,6.372,6.289,6.477,6.25,6.285,89600.0,563707.0,1.5655,6.2976,1.5654689326,0.622256792044,股票型基金,规模指数股票型基金,14399200.0,14399200.0
2026-02-02,民生加银沪深300ETF,sh515350,6.285,6.222,6.322,6.118,6.13,2791397.0,17203549.0,1.532,6.1628,1.5319601019,19.385778376576,股票型基金,规模指数股票型基金,14399200.0,14399200.0
2026-02-03,民生加银沪深300ETF,sh515350,6.13,6.2,6.23,6.128,6.23,1848000.0,11429605.0,1.5498,6.2344,1.549758561,12.834046335908,股票型基金,规模指数股票型基金,14399200.0,14399200.0
2026-02-04,民生加银沪深300ETF,sh515350,6.23,6.217,6.289,6.217,6.284,123800.0,775501.0,1.5624,6.2852,1.5623865179,0.85976998722151,股票型基金,规模指数股票型基金,14399200.0,14399200.0
2026-02-05,民生加银沪深300ETF,sh515350,6.284,6.254,6.262,6.217,6.246,638600.0,3988374.0,1.5534,6.2492,1.553437572,4.4349686093672,股票型基金,规模指数股票型基金,14399200.0,14399200.0
2026-02-06,民生加银沪深300ETF,sh515350,6.246,6.195,6.265,6.193,6.221,1230500.0,7678775.0,1.5455,6.2174,1.5455326698,8.5456136452025,股票型基金,规模指数股票型基金,14399200.0,14399200.0
2026-02-09,民生加银沪深300ETF,sh515350,6.221,6.277,6.326,6.265,6.326,1069000.0,6731264.0,1.5701,6.3161,1.5700676965,7.4240235568643,股票型基金,规模指数股票型基金,14399200.0,14399200.0
2026-02-10,民生加银沪深300ETF,sh515350,6.326,6.314,6.328,6.309,6.319,866900.0,5478636.0,1.5718,6.3232,1.5718326275,6.0204733596311,股票型基金,规模指数股票型基金,14399200.0,14399200.0
2026-02-11,民生加银沪深300ETF,sh515350,6.319,6.314,6.318,6.302,6.302,1346500.0,8499070.0,1.5685,6.3098,1.5685016309,9.3512139563309,股票型基金,规模指数股票型基金,14399200.0,14399200.0
2026-02-12,民生加银沪深300ETF,sh515350,6.302,6.302,6.318,6.301,6.31,1081300.0,6821131.0,1.5705,6.3178,1.5704902856,7.509444969165,股票型基金,规模指数股票型基金,14399200.0,14399200.0
2026-02-13,民生加银沪深300ETF,sh515350,6.31,6.26,6.285,6.22,6.22,3389500.0,21207388.0,1.5505,6.2372,1.5504545901,26.902501746143,股票型基金,规模指数股票型基金,12599200.0,12599200.0
2026-02-24,民生加银沪深300ETF,sh515350,6.22,6.158,6.318,6.158,6.29,638600.0,4019491.0,1.5655,6.2978,1.565518649,5.0685757825894,股票型基金,规模指数股票型基金,12599200.0,12599200.0
2026-02-25,民生加银沪深300ETF,sh515350,6.29,6.283,6.36,6.283,6.323,682400.0,4317930.0,1.5753,6.3372,1.5753127731,5.4162169026605,股票型基金,规模指数股票型基金,12599200.0,12599200.0
2026-02-26,民生加银沪深300ETF,sh515350,6.323,6.323,6.324,6.304,6.318,909400.0,5743731.0,1.5722,6.3245,1.5721557838,7.2179185980062,股票型基金,规模指数股票型基金,12599200.0,12599200.0
2026-02-27,民生加银沪深300ETF,sh515350,6.318,6.255,6.313,6.255,6.311,1108500.0,6987214.0,1.5672,6.3044,1.5671592891,8.7981776620738,股票型基金,规模指数股票型基金,12599200.0,12599200.0
2026-03-02,民生加银沪深300ETF,sh515350,6.311,6.248,6.33,6.244,6.319,334800.0,2095440.0,1.5726,6.3263,1.5726032311,2.6573115753381,股票型基金,规模指数股票型基金,12599200.0,12599200.0
2026-03-03,民生加银沪深300ETF,sh515350,6.319,6.256,6.478,6.23,6.23,924300.0,5805336.0,1.5485,6.2293,1.5484907936,7.3361800749254,股票型基金,规模指数股票型基金,12599200.0,12599200.0
2026-03-04,民生加银沪深300ETF,sh515350,6.23,6.193,6.207,6.07,6.15,785200.0,4828582.0,1.5306,6.1574,1.53061776,6.232141723284,股票型基金,规模指数股票型基金,12599200.0,12599200.0
2026-03-05,民生加银沪深300ETF,sh515350,6.15,6.191,6.23,6.184,6.21,798700.0,4959853.0,1.5452,6.2161,1.5452095135,6.3392913835799,股票型基金,规模指数股票型基金,12599200.0,12599200.0
2026-03-06,民生加银沪深300ETF,sh515350,6.21,6.17,6.241,6.17,6.223,691500.0,4278945.0,1.5499,6.2351,1.5499325682,5.1225257793054,股票型基金,规模指数股票型基金,13499200.0,13499200.0
2026-03-09,民生加银沪深300ETF,sh515350,6.223,6.179,6.21,6.078,6.165,1020100.0,6273377.0,1.535,6.1751,1.5350176584,8.0965458124325,股票型基金,规模指数股票型基金,12599200.0,12599200.0
2026-03-10,民生加银沪深300ETF,sh515350,6.165,6.249,6.249,6.211,6.247,259900.0,1619352.0,1.5545,6.2536,1.5545313321,2.0628293859928,股票型基金,规模指数股票型基金,12599200.0,12599200.0
2026-03-11,民生加银沪深300ETF,sh515350,6.247,6.252,6.285,6.252,6.279,318100.0,1995330.0,1.5639,6.2913,1.5639028671,2.5247634770462,股票型基金,规模指数股票型基金,12599200.0,12599200.0
2026-03-12,民生加银沪深300ETF,sh515350,6.279,6.27,6.275,6.222,6.256,355400.0,2219405.0,1.5581,6.2678,1.5580611941,2.8208140199378,股票型基金,规模指数股票型基金,12599200.0,12599200.0
2026-03-13,民生加银沪深300ETF,sh515350,6.256,6.25,6.283,6.226,6.236,263800.0,1651245.0,1.5525,6.2456,1.5525426774,2.0937837323005,股票型基金,规模指数股票型基金,12599200.0,12599200.0
2026-03-16,民生加银沪深300ETF,sh515350,6.236,6.215,6.247,6.172,6.23,761400.0,4744323.0,1.5533,6.2485,1.5532635648,6.0432408406883,股票型基金,规模指数股票型基金,12599200.0,12599200.0
2026-03-17,民生加银沪深300ETF,sh515350,6.23,6.26,6.308,6.2,6.2,320300.0,2002330.0,1.5425,6.2053,1.5425248297,2.5422249031685,股票型基金,规模指数股票型基金,12599200.0,12599200.0
2026-03-18,民生加银沪深300ETF,sh515350,6.2,6.2,6.224,6.18,6.224,615500.0,3811415.0,1.5489,6.2311,1.5489382409,4.8852308083053,股票型基金,规模指数股票型基金,12599200.0,12599200.0
2026-03-19,民生加银沪深300ETF,sh515350,6.224,6.183,6.183,6.105,6.136,1470900.0,9051033.0,1.5245,6.1326,1.5244529307,11.674550765128,股票型基金,规模指数股票型基金,12599200.0,12599200.0
2026-03-20,民生加银沪深300ETF,sh515350,6.136,6.18,6.18,6.12,6.12,435200.0,2678502.0,1.5198,6.114,1.5198293086,3.4541875674646,股票型基金,规模指数股票型基金,12599200.0,12599200.0
2026-03-23,民生加银沪深300ETF,sh515350,6.12,6.144,6.144,5.881,5.92,1146300.0,6865123.0,1.472,5.9214,1.4719524482,9.0981967109023,股票型基金,规模指数股票型基金,12599200.0,12599200.0
2026-03-24,民生加银沪深300ETF,sh515350,5.92,5.946,6.0,5.9,6.0,2122900.0,12610868.0,1.4906,5.9964,1.4905960854,18.145685175055,股票型基金,规模指数股票型基金,11699200.0,11699200.0
2026-03-25,民生加银沪深300ETF,sh515350,6.0,5.966,6.077,5.966,6.07,668900.0,4052542.0,1.5116,6.0807,1.5115515337,5.7174849562363,股票型基金,规模指数股票型基金,11699200.0,11699200.0
2026-03-26,民生加银沪深300ETF,sh515350,6.07,6.061,6.09,5.957,6.001,601900.0,3616675.0,1.4917,6.0008,1.4916898455,5.1447962253829,股票型基金,规模指数股票型基金,11699200.0,11699200.0
2026-03-27,民生加银沪深300ETF,sh515350,6.001,5.952,6.04,5.95,6.029,574200.0,3441204.0,1.4999,6.034,1.4999427622,4.9080278993435,股票型基金,规模指数股票型基金,11699200.0,11699200.0
2026-03-30,民生加银沪深300ETF,sh515350,6.029,5.989,6.02,5.958,6.014,526000.0,3156003.0,1.4961,6.0186,1.496114602,4.496033916849,股票型基金,规模指数股票型基金,11699200.0,11699200.0
2026-03-31,民生加银沪深300ETF,sh515350,6.014,6.005,6.044,5.97,5.974,894200.0,5367653.0,1.4825,5.9639,1.4825171759,7.6432576586433,股票型基金,规模指数股票型基金,11699186.0,11699200.0
2026-04-01,民生加银沪深300ETF,sh515350,5.974,6.03,6.067,6.005,6.056,420300.0,2540532.0,1.5077,6.0652,1.5076985153,3.5925533369803,股票型基金,规模指数股票型基金,11699200.0,11699200.0
2026-04-02,民生加银沪深300ETF,sh515350,6.056,6.054,6.054,6.0,6.002,209700.0,1258253.0,1.4914,5.9997,1.4914164055,1.7924302516411,股票型基金,规模指数股票型基金,11699200.0,11699200.0
2026-04-03,民生加银沪深300ETF,sh515350,6.002,5.988,5.988,5.94,5.95,205000.0,1222368.0,1.4793,5.9511,1.4793353285,1.7522565645514,股票型基金,规模指数股票型基金,11699200.0,11699200.0
2026-04-07,民生加银沪深300ETF,sh515350,5.95,5.966,5.968,5.922,5.946,937500.0,5570264.0,1.4795,5.9519,1.479534194,8.0133684354486,股票型基金,规模指数股票型基金,11699200.0,11699200.0
2026-04-08,民生加银沪深300ETF,sh515350,5.946,6.017,6.156,6.011,6.15,799000.0,4832792.0,1.5313,6.1601,1.531288931,6.8295268052516,股票型基金,规模指数股票型基金,11699200.0,11699200.0
2026-04-09,民生加银沪深300ETF,sh515350,6.15,6.11,6.132,6.1,6.109,815100.0,4984673.0,1.5215,6.1208,1.5215196651,6.9671430525164,股票型基金,规模指数股票型基金,11699200.0,11699200.0
2026-04-10,民生加银沪深300ETF,sh515350,6.109,6.183,6.239,6.183,6.204,480100.0,2980101.0,1.5451,6.2155,1.5450603644,4.1036993982495,股票型基金,规模指数股票型基金,11699200.0,11699200.0
2026-04-13,民生加银沪深300ETF,sh515350,6.204,6.206,6.23,6.2,6.217,229400.0,1425960.0,1.5478,6.2265,1.5477947645,1.960817833698,股票型基金,规模指数股票型基金,11699200.0,11699200.0
2026-04-14,民生加银沪深300ETF,sh515350,6.217,6.26,6.29,6.238,6.29,108100.0,678436.0,1.5659,6.2995,1.5659412381,0.92399480306346,股票型基金,规模指数股票型基金,11699200.0,11699200.0
2026-04-15,民生加银沪深300ETF,sh515350,6.29,6.333,6.333,6.266,6.279,487600.0,3061760.0,1.5614,6.2814,1.561441907,4.167806345733,股票型基金,规模指数股票型基金,11699200.0,11699200.0
2026-04-16,民生加银沪深300ETF,sh515350,6.279,6.311,6.347,6.31,6.342,874500.0,5532492.0,1.5784,6.3498,1.5784449041,7.4748700765864,股票型基金,规模指数股票型基金,11699200.0,11699200.0
2026-04-17,民生加银沪深300ETF,sh515350,6.342,6.337,6.35,6.314,6.325,367900.0,2329261.0,1.5758,6.3391,1.5757850786,3.144659463895,股票型基金,规模指数股票型基金,11699200.0,11699200.0
2026-04-20,民生加银沪深300ETF,sh515350,6.325,6.349,6.377,6.347,6.367,508300.0,3234998.0,1.5854,6.3777,1.5853803372,4.3447415207877,股票型基金,规模指数股票型基金,11699200.0,11699200.0
2026-04-21,民生加银沪深300ETF,sh515350,6.367,6.36,6.393,6.323,6.382,450200.0,2855405.0,1.5887,6.3911,1.5887113337,3.8481263676149,股票型基金,规模指数股票型基金,11699200.0,11699200.0
2026-04-22,民生加银沪深300ETF,sh515350,6.382,6.399,6.431,6.388,6.431,496900.0,3185099.0,1.6003,6.4379,1.6003449634,4.2472989606127,股票型基金,规模指数股票型基金,11699200.0,11699200.0
2026-04-23,民生加银沪深300ETF,sh515350,6.431,6.452,6.458,6.385,6.422,713000.0,4574570.0,1.596,6.4203,1.5959699231,6.0944338074398,股票型基金,规模指数股票型基金,11699200.0,11699200.0
2026-04-24,民生加银沪深300ETF,sh515350,6.422,6.36,6.409,6.352,6.408,311100.0,1982049.0,1.5909,6.3998,1.5908739956,2.6591561816193,股票型基金,规模指数股票型基金,11699200.0,11699200.0
2026-04-27,民生加银沪深300ETF,sh515350,6.408,6.421,6.434,6.39,6.397,846600.0,5434194.0,1.591,6.4005,1.5910480029,7.2363922319475,股票型基金,规模指数股票型基金,11699200.0,11699200.0
2026-04-28,民生加银沪深300ETF,sh515350,6.397,6.394,6.4,6.364,6.376,578100.0,3688563.0,1.5866,6.3828,1.5866481045,4.941363512035,股票型基金,规模指数股票型基金,11699200.0,11699200.0
2026-04-29,民生加银沪深300ETF,sh515350,6.376,6.377,6.451,6.372,6.444,858500.0,5504842.0,1.6043,6.4538,1.6042974145,7.3381085886214,股票型基金,规模指数股票型基金,11699200.0,11699200.0
2026-04-30,民生加银沪深300ETF,sh515350,6.444,6.466,6.47,6.43,6.45,882800.0,5690695.0,1.6041,6.453,1.604098549,7.0067940821639,股票型基金,规模指数股票型基金,12599200.0,12599200.0
2026-05-06,民生加银沪深300ETF,sh515350,6.45,6.455,6.564,6.455,6.533,891729.0,5839309.0,1.6274,6.5467,1.6273906665,7.0776636611848,股票型基金,规模指数股票型基金,12599200.0,12599200.0
2026-05-07,民生加银沪深300ETF,sh515350,6.533,6.552,6.569,6.533,6.568,990000.0,6486483.0,1.6353,6.5785,1.6352955687,7.8576417550321,股票型基金,规模指数股票型基金,12599200.0,12599200.0
2026-05-08,民生加银沪深300ETF,sh515350,6.568,6.556,6.556,6.511,6.534,653000.0,4270015.0,1.6258,6.5402,1.6257748846,5.1828687535717,股票型基金,规模指数股票型基金,12599200.0,12599200.0
2026-05-11,民生加银沪深300ETF,sh515350,6.534,6.569,6.659,6.552,6.643,1972600.0,13001780.0,1.6523,6.6471,1.6523482822,15.656549622198,股票型基金,规模指数股票型基金,12599200.0,12599200.0
2026-05-12,民生加银沪深300ETF,sh515350,6.643,6.633,6.659,6.618,6.636,889400.0,5908913.0,1.6512,6.6424,1.6511799476,7.0591783605308,股票型基金,规模指数股票型基金,12599200.0,12599200.0
2026-05-13,民生加银沪深300ETF,sh515350,6.636,6.638,6.719,6.611,6.708,1775400.0,11796135.0,1.6687,6.7128,1.6686801084,15.175396608315,股票型基金,规模指数股票型基金,11699200.0,11699200.0
2026-05-14,民生加银沪深300ETF,sh515350,6.708,6.789,6.789,6.592,6.592,1178300.0,7863092.0,1.6409,6.6012,1.6409383762,10.071628829322,股票型基金,规模指数股票型基金,11699200.0,11699200.0
2026-05-15,民生加银沪深300ETF,sh515350,6.592,6.625,6.625,6.477,6.52,1523000.0,9990227.0,1.6217,6.5239,1.6217230007,14.102896510853,股票型基金,规模指数股票型基金,10799200.0,10799200.0
2026-05-18,民生加银沪深300ETF,sh515350,6.52,6.52,6.52,6.444,6.479,649000.0,4206649.0,1.6128,6.488,1.612798913,6.0097044225498,股票型基金,规模指数股票型基金,10799200.0,10799200.0
2026-05-19,民生加银沪深300ETF,sh515350,6.479,6.479,6.513,6.419,6.507,887000.0,5716823.0,1.62,6.5169,1.6199829279,8.2135713756575,股票型基金,规模指数股票型基金,10799200.0,10799200.0
2026-05-20,民生加银沪深300ETF,sh515350,6.507,6.485,6.516,6.477,6.495,813500.0,5282337.0,1.6202,6.5177,1.6201817934,7.5329654048448,股票型基金,规模指数股票型基金,10799200.0,10799200.0
2026-05-21,民生加银沪深300ETF,sh515350,6.495,6.54,6.641,6.439,6.439,899500.0,5886808.0,1.5986,6.4308,1.5985800324,7.6885599015317,股票型基金,规模指数股票型基金,11699200.0,11699200.0
2026-05-22,民生加银沪深300ETF,sh515350,6.439,6.439,6.52,6.401,6.499,1330500.0,8623157.0,1.618,6.5089,1.6179942733,11.372572483589,股票型基金,规模指数股票型基金,11699200.0,11699200.0
2026-05-25,民生加银沪深300ETF,sh515350,6.499,6.539,6.593,6.539,6.58,549100.0,3602555.0,1.6432,6.6104,1.643225329,5.0846358989555,股票型基金,规模指数股票型基金,10799200.0,10799200.0
2026-05-26,民生加银沪深300ETF,sh515350,6.58,6.597,6.656,6.577,6.642,348900.0,2303636.0,1.6515,6.6435,1.6514533876,3.2307948736943,股票型基金,规模指数股票型基金,10799200.0,10799200.0
2026-05-27,民生加银沪深300ETF,sh515350,6.642,6.671,6.671,6.587,6.59,482700.0,3190878.0,1.6389,6.5932,1.6389497216,4.4697755389288,股票型基金,规模指数股票型基金,10799200.0,10799200.0
2026-05-28,民生加银沪深300ETF,sh515350,6.59,6.544,6.61,6.511,6.6,582200.0,3812909.0,1.6414,6.6032,1.6414355399,5.3911400844507,股票型基金,规模指数股票型基金,10799200.0,10799200.0
2026-05-29,民生加银沪深300ETF,sh515350,6.6,6.604,6.646,6.551,6.565,730900.0,4832424.0,1.634,6.5732,1.633978085,6.7680939328839,股票型基金,规模指数股票型基金,10799200.0,10799200.0
2026-06-01,民生加银沪深300ETF,sh515350,6.565,6.584,6.591,6.512,6.512,889000.0,5832095.0,1.6178,6.5083,1.6178451242,8.2320912660197,股票型基金,规模指数股票型基金,10799200.0,10799200.0
2026-06-02,民生加银沪深300ETF,sh515350,6.512,6.535,6.623,6.496,6.598,1046500.0,6888265.0,1.6413,6.6028,1.6413361071,9.6905326320468,股票型基金,规模指数股票型基金,10799200.0,10799200.0
2026-06-03,民生加银沪深300ETF,sh515350,6.598,6.599,6.697,6.595,6.64,1276700.0,8459468.0,1.6498,6.6367,1.6497630312,11.822172012742,股票型基金,规模指数股票型基金,10799200.0,10799200.0
2026-06-04,民生加银沪深300ETF,sh515350,6.64,6.594,6.644,6.587,6.591,1213300.0,8022025.0,1.6389,6.5928,1.6388502888,11.235091488258,股票型基金,规模指数股票型基金,10799200.0,10799200.0
2026-06-05,民生加银沪深300ETF,sh515350,6.591,6.555,6.606,6.466,6.471,727200.0,4763016.0,1.6099,6.4764,1.6099153638,6.7338321357138,股票型基金,规模指数股票型基金,10799200.0,10799200.0
2026-06-08,民生加银沪深300ETF,sh515350,6.471,6.426,6.516,6.305,6.35,1695500.0,10811144.0,1.5756,6.3384,1.5756110713,14.49244392779,股票型基金,规模指数股票型基金,11699200.0,11699200.0
2026-06-09,民生加银沪深300ETF,sh515350,6.35,6.357,6.442,6.343,6.442,1262900.0,8037488.0,1.6042,6.4535,1.6042228399,10.794755196937,股票型基金,规模指数股票型基金,11699200.0,11699200.0
2026-06-10,民生加银沪深300ETF,sh515350,6.442,6.397,6.426,6.35,6.378,608100.0,3881792.0,1.5887,6.3912,1.5887361919,5.1977913019694,股票型基金,规模指数股票型基金,11699200.0,11699200.0
2026-06-11,民生加银沪深300ETF,sh515350,6.378,6.385,6.387,6.316,6.349,2487000.0,15767797.0,1.5802,6.3568,1.5801849769,23.029483665457,股票型基金,规模指数股票型基金,10799200.0,10799200.0
2026-06-12,民生加银沪深300ETF,sh515350,6.349,6.412,6.477,6.408,6.441,1283500.0,8253607.0,1.598,6.4284,1.597983436,11.885139639973,股票型基金,规模指数股票型基金,10799200.0,10799200.0
2026-06-15,民生加银沪深300ETF,sh515350,6.441,6.493,6.564,6.481,6.552,864100.0,5629674.0,1.6354,6.579,1.6354198596,8.0015186310097,股票型基金,规模指数股票型基金,10799200.0,10799200.0
2026-06-16,民生加银沪深300ETF,sh515350,6.552,6.579,6.588,6.562,6.562,437000.0,2874227.0,1.6336,6.5715,1.6335554958,4.0465960441514,股票型基金,规模指数股票型基金,10799200.0,10799200.0
2026-06-17,民生加银沪深300ETF,sh515350,6.562,6.557,6.624,6.553,6.624,666100.0,4390227.0,1.6486,6.632,1.6485946966,6.168049485147,股票型基金,规模指数股票型基金,10799200.0,10799200.0
2026-06-18,民生加银沪深300ETF,sh515350,6.624,6.643,6.677,6.621,6.651,534100.0,3551737.0,1.6532,6.6505,1.6531934604,4.9457367212386,股票型基金,规模指数股票型基金,10799200.0,10799200.0
2026-06-22,民生加银沪深300ETF,sh515350,6.651,6.652,6.808,6.643,6.795,689300.0,4610441.0,1.692,6.8068,1.6920468004,6.3828802133491,股票型基金,规模指数股票型基金,10799200.0,10799200.0
2026-06-23,民生加银沪深300ETF,sh515350,6.795,7.065,7.065,6.583,6.678,1267400.0,8581459.0,1.6451,6.6181,1.6451394091,12.803054792306,股票型基金,规模指数股票型基金,9899200.0,9899200.0
2026-06-24,民生加银沪深300ETF,sh515350,6.678,6.58,6.661,6.58,6.641,495200.0,3280069.0,1.6529,6.6493,1.6528951622,5.0024244383385,股票型基金,规模指数股票型基金,9899200.0,9899200.0
2026-06-25,民生加银沪深300ETF,sh515350,6.641,6.671,6.84,6.671,6.756,628000.0,4212960.0,1.6785,6.7522,1.6784742325,6.343946985615,股票型基金,规模指数股票型基金,9899200.0,9899200.0
2026-06-26,民生加银沪深300ETF,sh515350,6.756,6.705,6.705,6.542,6.545,1024100.0,6759072.0,1.6303,6.5584,1.6302990739,9.4831098599896,股票型基金,规模指数股票型基金,10799200.0,10799200.0
2026-06-29,民生加银沪深300ETF,sh515350,6.545,6.53,6.61,6.513,6.61,765300.0,5013765.0,1.65,6.6377,1.650011613,7.0866360471146,股票型基金,规模指数股票型基金,10799200.0,10799200.0
2026-06-30,民生加银沪深300ETF,sh515350,6.61,6.638,6.709,6.62,6.703,645100.0,4301157.0,1.668,6.7102,1.6680337957,5.9735906363434,股票型基金,规模指数股票型基金,10799200.0,10799200.0
2026-07-01,民生加银沪深300ETF,sh515350,6.703,6.695,6.748,6.648,6.671,1038200.0,6965407.0,1.6612,6.6828,1.6612226535,8.8741110503282,股票型基金,规模指数股票型基金,11699200.0,11699200.0
2026-07-02,民生加银沪深300ETF,sh515350,6.671,6.604,6.604,6.473,6.489,1143900.0,7489967.0,1.6141,6.4932,1.6140915386,9.7775916301969,股票型基金,规模指数股票型基金,11699200.0,11699200.0
2026-07-03,民生加银沪深300ETF,sh515350,6.489,6.511,6.606,6.51,6.561,843100.0,5507675.0,1.6247,6.5359,1.6247059827,7.2064756564551,股票型基金,规模指数股票型基金,11699200.0,11699200.0
2026-07-06,民生加银沪深300ETF,sh515350,6.561,6.513,6.573,6.483,6.531,1196300.0,7812511.0,1.6245,6.5351,1.6245071172,10.225485503282,股票型基金,规模指数股票型基金,11699200.0,11699200.0
2026-07-07,民生加银沪深300ETF,sh515350,6.531,6.507,6.519,6.433,6.471,1062500.0,6910187.0,1.6077,6.4676,1.6077278437,9.0818175601751,股票型基金,规模指数股票型基金,11699200.0,11699200.0
2026-07-08,民生加银沪深300ETF,sh515350,6.471,6.461,6.497,6.417,6.421,942800.0,6091740.0,1.5961,6.4209,1.5961190722,8.058670678337,股票型基金,规模指数股票型基金,11699200.0,11699200.0
2026-07-09,民生加银沪深300ETF,sh515350,6.421,6.447,6.598,6.399,6.57,625600.0,4061195.0,1.635,6.5772,1.6349724123,5.3473741794311,股票型基金,规模指数股票型基金,11699200.0,11699200.0
2026-07-10,民生加银沪深300ETF,sh515350,6.57,6.589,6.615,6.465,6.465,433200.0,2838686.0,1.6068,6.4638,1.6067832328,3.7028172866521,股票型基金,规模指数股票型基金,11699200.0,11699200.0
2026-07-13,民生加银沪深300ETF,sh515350,6.465,6.447,6.456,6.328,6.35,1283000.0,8184676.0,1.5786,6.3505,1.5786189114,10.966561816193,股票型基金,规模指数股票型基金,11699200.0,11699200.0
2026-07-14,民生加银沪深300ETF,sh515350,6.35,6.336,6.467,6.333,6.467,855500.0,5494574.0,1.6115,6.4828,1.6115062875,7.312465809628,股票型基金,规模指数股票型基金,11699200.0,11699200.0
2026-07-15,民生加银沪深300ETF,sh515350,6.467,6.487,6.519,6.456,6.464,320100.0,2075845.0,1.6094,6.4742,1.6093684838,2.7360845185996,股票型基金,规模指数股票型基金,11699200.0,11699200.0
2026-07-16,民生加银沪深300ETF,sh515350,6.464,6.412,6.451,6.337,6.357,1903200.0,12177206.0,1.5819,6.3638,1.5819250498,15.105720998159,股票型基金,规模指数股票型基金,12599200.0,12599200.0
2026-07-17,民生加银沪深300ETF,sh515350,6.357,6.284,6.289,6.108,6.162,1107400.0,6900639.0,1.5282,6.1476,1.5281816581,8.7894469490126,股票型基金,规模指数股票型基金,12599200.0,12599200.0
2026-07-20,民生加银沪深300ETF,sh515350,6.162,6.228,6.548,6.076,6.209,252000.0,1568084.0,1.55,6.2354,1.5500071428,2.00012699219,股票型基金,规模指数股票型基金,12599200.0,12599200.0
2026-07-21,民生加银沪深300ETF,sh515350,6.209,6.256,6.42,6.196,6.418,461400.0,2911233.0,1.5961,6.4209,1.5961190722,3.6621372785574,股票型基金,规模指数股票型基金,12599200.0,12599200.0
2026-07-22,民生加银沪深300ETF,sh515350,6.418,6.44,6.446,6.352,6.374,1469000.0,9428367.0,1.5892,6.3931,1.5892084974,11.659470442568,股票型基金,规模指数股票型基金,12599200.0,12599200.0
2026-07-23,民生加银沪深300ETF,sh515350,6.374,6.391,6.415,6.375,6.399,420700.0,2689062.0,1.5933,6.4096,1.5933100976,3.3391008952949,股票型基金,规模指数股票型基金,12599200.0,12599200.0
2026-07-24,民生加银沪深300ETF,sh515350,6.399,6.35,6.374,6.303,6.304,782100.0,4966580.0,1.5675,6.3057,1.5674824454,6.2075369864753,股票型基金,规模指数股票型基金,12599200.0,12599200.0
2026-07-27,民生加银沪深300ETF,sh515350,6.304,6.308,6.387,6.272,6.387,1130300.0,7124988.0,1.5851,6.3765,1.585082039,8.971204520922,股票型基金,规模指数股票型基金,12599200.0,12599200.0
2026-07-28,民生加银沪深300ETF,sh515350,6.387,6.291,6.307,6.178,6.207,2478800.0,15421710.0,1.5416,6.2014,1.5415553606,19.6742650327,股票型基金,规模指数股票型基金,12599200.0,12599200.0
2026-07-29,民生加银沪深300ETF,sh515350,6.207,6.216,6.273,6.13,6.242,1237900.0,7680688.0,1.5524,6.2452,1.5524432447,9.8252269985396,股票型基金,规模指数股票型基金,12599200.0,12599200.0
2026-07-30,民生加银沪深300ETF,sh515350,6.242,6.237,6.237,6.078,6.172,482000.0,2968757.0,1.5368,6.1822,1.5367825894,3.825639723157,股票型基金,规模指数股票型基金,12599200.0,12599200.0
2026-07-31,民生加银沪深300ETF,sh515350,6.172,6.24,6.292,6.228,6.231,1031500.0,6451673.0,1.5496,6.2338,1.5496094119,8.1870277477935,股票型基金,规模指数股票型基金,12599200.0,12599200.0
2026-08-03,民生加银沪深300ETF,sh515350,6.231,6.208,6.213,6.162,6.172,649500.0,4018249.0,1.535,6.1751,1.5350176584,5.1550892120135,股票型基金,规模指数股票型基金,12599200.0,12599200.0
2026-08-04,民生加银沪深300ETF,sh515350,6.172,6.204,6.26,6.198,6.242,1088300.0,6773893.0,1.554,6.2513,1.5539595939,8.6378500222236,股票型基金,规模指数股票型基金,12599200.0,12599200.0
2026-08-05,民生加银沪深300ETF,sh515350,6.242,6.241,6.345,6.241,6.321,658203.0,4153144.0,1.5727,6.3268,1.572727522,5.6260513539387,股票型基金,规模指数股票型基金,11699200.0,11699200.0
2026-08-06,民生加银沪深300ETF,sh515350,6.321,6.274,6.339,6.274,6.305,668900.0,4216940.0,1.5699,6.3154,1.5698936892,5.7174849562363,股票型基金,规模指数股票型基金,11699200.0,11699200.0
2026-08-07,民生加银沪深300ETF,sh515350,6.305,6.322,6.376,6.314,6.363,458200.0,2915476.0,1.5844,6.3736,1.5843611517,3.9165071115974,股票型基金,规模指数股票型基金,11699200.0,11699200.0
2026-08-10,民生加银沪深300ETF,sh515350,6.363,6.382,6.389,6.331,6.382,388000.0,2462897.0,1.5872,6.3849,1.5871701264,3.316466083151,股票型基金,规模指数股票型基金,11699200.0,11699200.0
2026-08-11,民生加银沪深300ETF,sh515350,6.382,6.376,6.388,6.342,6.342,224200.0,1427841.0,1.5753,6.3371,1.5752879149,1.9163703501094,股票型基金,规模指数股票型基金,11699200.0,11699200.0
2026-08-12,民生加银沪深300ETF,sh515350,6.342,6.325,6.385,6.325,6.373,419800.0,2672558.0,1.584,6.3722,1.5840131371,3.5882795404814,股票型基金,规模指数股票型基金,11699200.0,11699200.0
2026-08-13,民生加银沪深300ETF,sh515350,6.373,6.412,6.412,6.33,6.33,468900.0,3001782.0,1.5759,6.3397,1.5759342277,4.007966356674,股票型基金,规模指数股票型基金,11699200.0,11699200.0
2026-08-14,民生加银沪深300ETF,sh515350,6.33,6.346,6.35,6.309,6.342,185900.0,1179598.0,1.576,6.3399,1.575983944,1.5889975382932,股票型基金,规模指数股票型基金,11699200.0,11699200.0
2026-08-17,民生加银沪深300ETF,sh515350,6.342,6.342,6.425,6.342,6.425,500200.0,3197379.0,1.6008,6.4398,1.6008172688,4.2755060175055,股票型基金,规模指数股票型基金,11699200.0,11699200.0
2026-08-18,民生加银沪深300ETF,sh515350,6.425,6.425,6.44,6.367,6.42,1664200.0,10651638.0,1.5954,6.4181,1.5954230431,15.410400770427,股票型基金,规模指数股票型基金,10799200.0,10799200.0
2026-08-19,民生加银沪深300ETF,sh515350,6.42,6.381,6.381,6.213,6.231,753700.0,4710800.0,1.5497,6.234,1.5496591282,6.9792206830136,股票型基金,规模指数股票型基金,10799200.0,10799200.0
2026-08-20,民生加银沪深300ETF,sh515350,6.231,6.292,6.322,6.216,6.234,909100.0,5673678.0,1.551,6.2395,1.5510263283,7.7706167943107,股票型基金,规模指数股票型基金,11699200.0,11699200.0
2026-08-21,民生加银沪深300ETF,sh515350,6.234,6.234,6.278,6.225,6.273,619900.0,3882095.0,1.5606,6.2779,1.5605718706,5.2986528993435,股票型基金,规模指数股票型基金,11699200.0,11699200.0
2026-08-24,民生加银沪深300ETF,sh515350,6.273,6.272,6.272,6.178,6.208,994400.0,6198371.0,1.5417,6.202,1.5417045097,8.4997264770241,股票型基金,规模指数股票型基金,11699200.0,11699200.0
2026-08-25,民生加银沪深300ETF,sh515350,6.208,6.179,6.209,6.167,6.191,639100.0,3962084.0,1.5385,6.1891,1.5384978041,5.4627666849015,股票型基金,规模指数股票型基金,11699200.0,11699200.0
2026-08-26,民生加银沪深300ETF,sh515350,6.191,6.206,6.279,6.206,6.243,1223100.0,7651410.0,1.5518,6.2425,1.5517720738,9.7077592228078,股票型基金,规模指数股票型基金,12599200.0,12599200.0
2026-08-27,民生加银沪深300ETF,sh515350,6.243,6.253,6.299,6.247,6.299,479700.0,3006040.0,1.5651,6.296,1.5650712017,3.8073845958474,股票型基金,规模指数股票型基金,12599200.0,12599200.0
2026-08-28,民生加银沪深300ETF,sh515350,6.299,6.301,6.303,6.274,6.275,347300.0,2183372.0,1.5587,6.2702,1.5586577905,2.7565242237602,股票型基金,规模指数股票型基金,12599200.0,12599200.0
2026-08-31,民生加银沪深300ETF,sh515350,6.275,6.212,6.282,6.2,6.275,875200.0,5458661.0,1.5634,6.2893,1.5634057034,7.4808533916849,股票型基金,规模指数股票型基金,11699200.0,11699200.0
2026-09-01,民生加银沪深300ETF,sh515350,6.275,6.276,6.3,6.259,6.273,875500.0,5490264.0,1.5591,6.2718,1.5590555214,7.4834176695842,股票型基金,规模指数股票型基金,11699200.0,11699200.0
2026-09-02,民生加银沪深300ETF,sh515350,6.273,6.211,6.212,6.168,6.186,1314300.0,8134323.0,1.5376,6.1854,1.5375780513,11.234101477024,股票型基金,规模指数股票型基金,11699200.0,11699200.0
2026-09-03,民生加银沪深300ETF,sh515350,6.186,6.219,6.225,6.174,6.192,705500.0,4382037.0,1.5394,6.1927,1.5393926986,6.0303268599562,股票型基金,规模指数股票型基金,11699200.0,11699200.0
2026-09-04,民生加银沪深300ETF,sh515350,6.192,6.232,6.263,6.169,6.169,1351600.0,8415767.0,1.5382,6.1878,1.5381746477,11.552926695842,股票型基金,规模指数股票型基金,11699200.0,11699200.0
2026-09-07,民生加银沪深300ETF,sh515350,6.169,6.213,6.231,6.199,6.22,1036700.0,6444929.0,1.547,6.2235,1.547049019,8.2283002095371,股票型基金,规模指数股票型基金,12599200.0,12599200.0
2026-09-08,民生加银沪深300ETF,sh515350,6.22,6.216,6.234,6.193,6.208,151300.0,941135.0,1.5417,6.2018,1.5416547933,1.2008698965014,股票型基金,规模指数股票型基金,12599200.0,12599200.0
2026-09-09,民生加银沪深300ETF,sh515350,6.208,6.21,6.231,6.21,6.22,281700.0,1751748.0,1.5466,6.2215,1.5465518553,2.2358562448409,股票型基金,规模指数股票型基金,12599200.0,12599200.0
2026-09-10,民生加银沪深300ETF,sh515350,6.22,6.176,6.219,6.174,6.193,723600.0,4482348.0,1.5394,6.1926,1.5393678405,5.7432217918598,股票型基金,规模指数股票型基金,12599200.0,12599200.0
2026-09-11,民生加银沪深300ETF,sh515350,6.193,6.134,6.153,6.076,6.139,254200.0,1556385.0,1.5265,6.1408,1.5264913017,2.1727981400438,股票型基金,规模指数股票型基金,11699200.0,11699200.0
2026-09-14,民生加银沪深300ETF,sh515350,6.139,6.139,6.139,6.09,6.108,730200.0,4458980.0,1.5163,6.0999,1.5163243048,6.2414524070022,股票型基金,规模指数股票型基金,11699200.0,11699200.0
2026-09-15,民生加银沪深300ETF,sh515350,6.108,6.091,6.118,6.06,6.066,373000.0,2271933.0,1.5064,6.0598,1.5063561734,3.1882521881838,股票型基金,规模指数股票型基金,11699200.0,11699200.0
2026-09-16,民生加银沪深300ETF,sh515350,6.066,6.066,6.106,6.018,6.102,473300.0,2871065.0,1.5165,6.1006,1.5164983121,4.0455757658643,股票型基金,规模指数股票型基金,11699200.0,11699200.0
2026-09-17,民生加银沪深300ETF,sh515350,6.102,6.111,6.121,6.069,6.077,976000.0,5936443.0,1.5099,6.074,1.5098860354,8.3424507658643,股票型基金,规模指数股票型基金,11699200.0,11699200.0
2026-09-18,民生加银沪深300ETF,sh515350,6.077,6.116,6.162,6.099,6.137,727000.0,4449148.0,1.5259,6.1384,1.5258947053,6.2141001094092,股票型基金,规模指数股票型基金,11699200.0,11699200.0
